    1   'Adbar'    0.161262    0.004636
    2   'Adv'    1.000000    0.000000
    3   'Ag'    1.000000    0.000000
    4   'Agp'    0.073153    0.013488
    5   'Aubar'    0.000000    0.000000
    6   'Auv'    1.000000    0.000000
    7   'Bdbar'   -0.127318    0.003475
    8   'Bdv'    1.030107    0.059529
    9   'Bg'   -0.061872    0.020491
   10   'Bgp'   -0.383041    0.009658
   11   'Bubar'    0.000000    0.000000
   12   'Buv'    0.810577    0.015130
   13   'Cdbar'    9.582146    1.447104
   14   'Cdv'    4.845788    0.288987
   15   'Cg'    5.558473    0.300047
   16   'Cgp'   25.000000    0.000000
   17   'Cubar'    7.060209    0.762164
   18   'Cuv'    4.823965    0.062101
   19   'Dubar'    1.543329    1.037641
   20   'Duv'    0.000000    0.000000
   21   'Euv'    9.923038    0.791454
   22   'ZERO'    0.000000    0.000000
   23   'fs'    0.400000    0.000000
