    1   'Adbar'    0.800198    0.000000
    2   'Adv'    1.000000    0.000000
    3   'Ag'    1.000000    0.000000
    4   'Agp'   -9.868369    0.000000
    5   'Aubar'    0.000000    0.000000
    6   'Auv'    1.000000    0.000000
    7   'Bdbar'    0.194218    0.000000
    8   'Bdv'    6.685919    0.000000
    9   'Bg'   11.327776    0.000000
   10   'Bgp'   -0.583744    0.000000
   11   'Bubar'    0.000000    0.000000
   12   'Buv'    1.043618    0.000000
   13   'Cdbar'  117.047103    0.000000
   14   'Cdv'    5.819833    0.000000
   15   'Cg'   -2.505834    0.000000
   16   'Cgp'   25.000000    0.000000
   17   'Cubar'  -13.871699    0.000000
   18   'Cuv'   25.184880    0.000000
   19   'Dubar' -169.656710    0.000000
   20   'Duv'    0.000000    0.000000
   21   'Euv'    5.452531    0.000000
   22   'ZERO'    0.000000    0.000000
   23   'fs'    0.400000    0.000000
