    2   'Bg'   -0.061856    0.236723
    3   'Cg'    5.559258    2.079387
    7   'Aprig'    0.166181    0.210935
    8   'Bprig'   -0.383002    0.017214
    9   'Cprig'   25.000000    0.000000
   12   'Buv'    0.810558    0.040084
   13   'Cuv'    4.823881    0.086724
   15   'Euv'    9.922563    1.752379
   22   'Bdv'    1.030085    0.088348
   23   'Cdv'    4.845618    0.386744
   33   'CUbar'    7.060298    2.240112
   34   'DUbar'    1.543933    3.078736
   41   'ADbar'    0.268766    0.020266
   42   'BDbar'   -0.127319    0.011292
   43   'CDbar'    9.580959    2.487781
  101   'alphas'    0.118000    0.000000
  102   'fs'    0.400000    0.000000
  103   'fcharm'    0.000000    0.000000
