    2   'Bg'   -0.082031    0.000000
    3   'Cg'    5.516096    0.000000
    7   'Aprig'    0.200391    0.000000
    8   'Bprig'   -0.376169    0.000000
    9   'Cprig'   25.000000    0.000000
   12   'Buv'    0.808757    0.000000
   13   'Cuv'    4.783068    0.000000
   15   'Euv'    9.555003    0.000000
   22   'Bdv'    1.019516    0.000000
   23   'Cdv'    4.832260    0.000000
   33   'CUbar'    6.953154    0.000000
   34   'DUbar'    1.755473    0.000000
   41   'ADbar'    0.265829    0.000000
   42   'BDbar'   -0.128377    0.000000
   43   'CDbar'    9.549410    0.000000
  101   'alphas'    0.118000    0.000000
  102   'fs'    0.400000    0.000000
  103   'fcharm'    0.000000    0.000000
