    1   'Adbar'    1.039881    0.000000
    2   'Adv'    1.000000    0.000000
    3   'Ag'    1.000000    0.000000
    4   'Agp'    1.826470    0.000000
    5   'Aubar'    0.000000    0.000000
    6   'Auv'    1.000000    0.000000
    7   'Bdbar'   -1.441644    0.000000
    8   'Bdv'   -1.348758    0.000000
    9   'Bg'    0.133939    0.000000
   10   'Bgp'    0.302758    0.000000
   11   'Bubar'    0.000000    0.000000
   12   'Buv'    2.580347    0.000000
   13   'Cdbar'    0.149490    0.000000
   14   'Cdv'   -1.822712    0.000000
   15   'Cg'   -1.363763    0.000000
   16   'Cgp'   25.000000    0.000000
   17   'Cubar'    0.119601    0.000000
   18   'Cuv'    1.227253    0.000000
   19   'Dubar'    0.172728    0.000000
   20   'Duv'    0.000000    0.000000
   21   'Euv'   -0.172950    0.000000
   22   'ZERO'    0.000000    0.000000
   23   'fs'    0.400000    0.000000
