    1   'Adbar'   -0.042203    0.000000
    2   'Adv'    1.000000    0.000000
    3   'Ag'    1.000000    0.000000
    4   'Agp'   -3.929640    0.000000
    5   'Aubar'    0.000000    0.000000
    6   'Auv'    1.000000    0.000000
    7   'Bdbar'   -0.241784    0.000000
    8   'Bdv'   -1.583453    0.000000
    9   'Bg'    4.766614    0.000000
   10   'Bgp'   -1.269586    0.000000
   11   'Bubar'    0.000000    0.000000
   12   'Buv'    0.529161    0.000000
   13   'Cdbar'   25.981291    0.000000
   14   'Cdv'    7.621356    0.000000
   15   'Cg'   29.277924    0.000000
   16   'Cgp'   25.000000    0.000000
   17   'Cubar'  -34.936591    0.000000
   18   'Cuv'   -0.754889    0.000000
   19   'Dubar'  -13.437554    0.000000
   20   'Duv'    0.000000    0.000000
   21   'Euv'  -20.298014    0.000000
   22   'ZERO'    0.000000    0.000000
   23   'fs'    0.400000    0.000000
