LHAPDF set=                         CT14nlo
  28
    1  0.732707 -0.000000  0.000000  0.000000 -0.000000 -0.000000 -0.000000 -0.000000  0.000000  0.000000 -0.000000 -0.000000  0.000000 -0.000000 -0.000000 -0.000000  0.000000 -0.000000 -0.000000 -0.000000  0.000000 -0.000000  0.000000  0.000000 -0.000000  0.000000 -0.000000 -0.000000
    2 -0.094430  0.248053 -0.000000  0.000000  0.000000 -0.000000  0.000000  0.000000  0.000000 -0.000000 -0.000000  0.000000  0.000000  0.000000  0.000000 -0.000000 -0.000000  0.000000  0.000000  0.000000 -0.000000  0.000000 -0.000000 -0.000000  0.000000 -0.000000  0.000000 -0.000000
    3 -0.043221 -0.095428  0.350034 -0.000000 -0.000000 -0.000000 -0.000000  0.000000 -0.000000  0.000000 -0.000000 -0.000000 -0.000000 -0.000000 -0.000000  0.000000 -0.000000  0.000000  0.000000  0.000000 -0.000000 -0.000000 -0.000000 -0.000000 -0.000000  0.000000 -0.000000  0.000000
    4 -0.255989 -0.011708  0.096050  0.183706  0.000000 -0.000000  0.000000 -0.000000  0.000000 -0.000000  0.000000  0.000000 -0.000000 -0.000000 -0.000000  0.000000 -0.000000 -0.000000  0.000000 -0.000000  0.000000 -0.000000 -0.000000  0.000000 -0.000000 -0.000000  0.000000  0.000000
    5 -0.063794 -0.000104  0.172230  0.087421  0.279009 -0.000000  0.000000  0.000000 -0.000000 -0.000000 -0.000000  0.000000 -0.000000  0.000000  0.000000 -0.000000 -0.000000 -0.000000  0.000000 -0.000000  0.000000 -0.000000 -0.000000 -0.000000  0.000000 -0.000000  0.000000  0.000000
    6  0.051241  0.024126  0.090044 -0.157180 -0.052003  0.306319  0.000000 -0.000000  0.000000 -0.000000 -0.000000  0.000000  0.000000  0.000000  0.000000 -0.000000  0.000000 -0.000000  0.000000 -0.000000  0.000000  0.000000 -0.000000  0.000000  0.000000 -0.000000  0.000000  0.000000
    7  0.106443  0.079296  0.268879 -0.117733 -0.181704  0.073615  0.256678  0.000000  0.000000 -0.000000 -0.000000  0.000000 -0.000000  0.000000  0.000000  0.000000  0.000000 -0.000000  0.000000 -0.000000  0.000000 -0.000000  0.000000  0.000000 -0.000000 -0.000000 -0.000000 -0.000000
    8  0.149631 -0.120528 -0.027717  0.012745  0.060550 -0.004265 -0.064214  0.633461  0.000000 -0.000000  0.000000  0.000000  0.000000  0.000000 -0.000000  0.000000  0.000000 -0.000000 -0.000000  0.000000  0.000000 -0.000000  0.000000  0.000000  0.000000  0.000000  0.000000  0.000000
    9 -0.016538 -0.101947 -0.238104 -0.046184  0.124812  0.085141 -0.182890  0.050561  0.341884 -0.000000 -0.000000 -0.000000 -0.000000  0.000000 -0.000000 -0.000000 -0.000000 -0.000000  0.000000 -0.000000  0.000000 -0.000000 -0.000000  0.000000 -0.000000 -0.000000  0.000000 -0.000000
   10 -0.127608  0.003250 -0.083010 -0.109617  0.302224 -0.072462 -0.118264  0.040013  0.058432  0.465276  0.000000 -0.000000 -0.000000 -0.000000  0.000000  0.000000 -0.000000  0.000000  0.000000 -0.000000  0.000000 -0.000000  0.000000  0.000000 -0.000000  0.000000 -0.000000  0.000000
   11  0.105693  0.175904 -0.115213 -0.310352  0.235053 -0.084407  0.011883  0.159016 -0.129362 -0.010793  0.350937 -0.000000 -0.000000 -0.000000 -0.000000 -0.000000 -0.000000 -0.000000  0.000000 -0.000000 -0.000000 -0.000000  0.000000 -0.000000  0.000000  0.000000 -0.000000 -0.000000
   12 -0.078444  0.021306 -0.321220  0.011415  0.164738 -0.040909 -0.060915 -0.092863 -0.174537  0.109251 -0.113345  0.423665  0.000000  0.000000 -0.000000  0.000000  0.000000 -0.000000  0.000000 -0.000000  0.000000  0.000000 -0.000000  0.000000  0.000000 -0.000000  0.000000 -0.000000
   13 -0.056891 -0.215863 -0.006815 -0.012224 -0.289726  0.001278  0.079502  0.047227 -0.202638 -0.175203 -0.032189  0.134803  0.210532 -0.000000 -0.000000  0.000000 -0.000000  0.000000 -0.000000 -0.000000  0.000000 -0.000000  0.000000 -0.000000  0.000000  0.000000  0.000000  0.000000
   14 -0.219848 -0.004393  0.118379 -0.025822 -0.082117 -0.179631 -0.010835  0.121515 -0.021881  0.091629 -0.094947 -0.281421  0.072989  0.682670  0.000000  0.000000 -0.000000  0.000000 -0.000000  0.000000 -0.000000  0.000000  0.000000  0.000000  0.000000 -0.000000 -0.000000  0.000000
   15  0.034993  0.051861 -0.097520 -0.043668 -0.145189 -0.201134 -0.011243  0.051384  0.077423  0.128275  0.036627 -0.242934  0.040832 -0.226105  0.696284  0.000000  0.000000 -0.000000  0.000000  0.000000  0.000000 -0.000000  0.000000  0.000000  0.000000  0.000000  0.000000 -0.000000
   16 -0.083725 -0.055461  0.110790 -0.018387  0.012428  0.051242 -0.033603  0.128532  0.106915 -0.059797 -0.064181  0.098720 -0.003555 -0.096706  0.183444  0.897172 -0.000000  0.000000 -0.000000  0.000000 -0.000000 -0.000000  0.000000  0.000000  0.000000 -0.000000  0.000000 -0.000000
   17  0.031644  0.233869 -0.118858  0.096390  0.008612 -0.131160  0.095071  0.003389  0.059160 -0.095962 -0.041959  0.081436 -0.128727 -0.035485 -0.406843  0.205275  0.324079 -0.000000 -0.000000  0.000000 -0.000000 -0.000000 -0.000000 -0.000000  0.000000  0.000000 -0.000000  0.000000
   18 -0.032113  0.064733 -0.153891 -0.050054 -0.022080  0.078130  0.183211  0.108411  0.208769 -0.083486 -0.001399  0.216148  0.105893  0.155779  0.036222 -0.022177 -0.424680  0.710021 -0.000000  0.000000  0.000000  0.000000 -0.000000  0.000000  0.000000 -0.000000  0.000000  0.000000
   19 -0.069123 -0.108766  0.027890 -0.175785  0.041374 -0.019388  0.258609  0.059438 -0.102939  0.081649  0.297859 -0.131773  0.048819 -0.193601 -0.106661  0.016431  0.063974  0.069582  0.649479 -0.000000 -0.000000 -0.000000  0.000000 -0.000000 -0.000000 -0.000000  0.000000 -0.000000
   20  0.032417 -0.070868 -0.001863 -0.063440 -0.077352  0.053584 -0.040056  0.138845  0.090062 -0.015498 -0.083199  0.043385  0.073210  0.026906 -0.076059 -0.025241  0.101602 -0.040139  0.021700  0.914128  0.000000 -0.000000 -0.000000 -0.000000 -0.000000  0.000000  0.000000 -0.000000
   21 -0.173078  0.116052 -0.046204  0.145119  0.150467 -0.037535  0.278655  0.189922  0.058827 -0.163048 -0.098887  0.045291 -0.218067 -0.107202  0.173306 -0.144455  0.144107 -0.038814 -0.065296  0.059279  0.659906  0.000000 -0.000000 -0.000000  0.000000  0.000000  0.000000  0.000000
   22  0.184077  0.058596 -0.066547 -0.111345  0.073710 -0.080734  0.221355 -0.048365  0.008923  0.004948  0.062106 -0.044080 -0.187171  0.253773  0.048281  0.128523  0.068191  0.035244 -0.093212  0.010057  0.007710  0.532094 -0.000000 -0.000000  0.000000 -0.000000 -0.000000 -0.000000
   23  0.016196  0.243560  0.059093 -0.192287  0.089478 -0.104074 -0.084331 -0.024930 -0.034834 -0.021318  0.061128  0.102009  0.055504  0.204829  0.042531  0.072759 -0.025445 -0.040297  0.136012  0.034146  0.079200 -0.236431  0.712215 -0.000000 -0.000000  0.000000  0.000000 -0.000000
   24  0.042321  0.084705 -0.019483  0.180272 -0.061441 -0.061661 -0.194803 -0.025397  0.039249 -0.027441  0.075036 -0.141388  0.056469 -0.033686 -0.121641  0.049365 -0.081591  0.032933  0.102409 -0.028223  0.229428 -0.102392  0.040598  0.747412 -0.000000  0.000000 -0.000000 -0.000000
   25  0.025577 -0.336966  0.066166  0.007938  0.169874  0.014418 -0.053404  0.016308  0.047788 -0.087373  0.071009  0.078127 -0.019461 -0.014429  0.027418 -0.070005 -0.058094 -0.055253 -0.080461 -0.046137 -0.023273  0.023176  0.127094  0.044558  0.757485 -0.000000 -0.000000  0.000000
   26  0.010034 -0.032379 -0.048998 -0.047037 -0.038674  0.041003 -0.003283 -0.009478  0.028916 -0.005504  0.011254 -0.004512 -0.004505  0.033923 -0.002903  0.001078  0.022249 -0.022811 -0.012838 -0.030798  0.063209  0.035709  0.012525  0.038088 -0.011988  0.959459  0.000000  0.000000
   27 -0.003727  0.025761 -0.015495  0.163881 -0.115847  0.061466  0.008033 -0.003043  0.008454 -0.034136  0.008786  0.020889 -0.016256 -0.045095  0.074099 -0.022261  0.028706 -0.046047  0.048419  0.010717 -0.073207  0.025889  0.260126 -0.089986  0.058360  0.036739  0.162590  0.000000
   28 -0.061110  0.314822  0.054721 -0.235161  0.004355 -0.006498  0.015183  0.191227  0.038299 -0.047664 -0.047442 -0.012684 -0.036273  0.025327 -0.038941 -0.002661 -0.058078 -0.098382 -0.000731 -0.021913 -0.092399 -0.218633 -0.373347  0.072525  0.292490  0.041889  0.039668  0.561686
