* Theory file for HERA1+2 NCep 820
&Data 
   Name = "Theory for HERA1+2 NCep 820"
   NData =    70
   NColumn =    60
   ColumnType = 3*"Bin","Theory", 56*"Error"
   ColumnName = "Q2","x","y","theory","PDF_nuisance_param_01+","PDF_nuisance_param_01-","PDF_nuisance_param_02+","PDF_nuisance_param_02-","PDF_nuisance_param_03+","PDF_nuisance_param_03-","PDF_nuisance_param_04+","PDF_nuisance_param_04-","PDF_nuisance_param_05+","PDF_nuisance_param_05-","PDF_nuisance_param_06+","PDF_nuisance_param_06-","PDF_nuisance_param_07+","PDF_nuisance_param_07-","PDF_nuisance_param_08+","PDF_nuisance_param_08-","PDF_nuisance_param_09+","PDF_nuisance_param_09-","PDF_nuisance_param_10+","PDF_nuisance_param_10-","PDF_nuisance_param_11+","PDF_nuisance_param_11-","PDF_nuisance_param_12+","PDF_nuisance_param_12-","PDF_nuisance_param_13+","PDF_nuisance_param_13-","PDF_nuisance_param_14+","PDF_nuisance_param_14-","PDF_nuisance_param_15+","PDF_nuisance_param_15-","PDF_nuisance_param_16+","PDF_nuisance_param_16-","PDF_nuisance_param_17+","PDF_nuisance_param_17-","PDF_nuisance_param_18+","PDF_nuisance_param_18-","PDF_nuisance_param_19+","PDF_nuisance_param_19-","PDF_nuisance_param_20+","PDF_nuisance_param_20-","PDF_nuisance_param_21+","PDF_nuisance_param_21-","PDF_nuisance_param_22+","PDF_nuisance_param_22-","PDF_nuisance_param_23+","PDF_nuisance_param_23-","PDF_nuisance_param_24+","PDF_nuisance_param_24-","PDF_nuisance_param_25+","PDF_nuisance_param_25-","PDF_nuisance_param_26+","PDF_nuisance_param_26-","PDF_nuisance_param_27+","PDF_nuisance_param_27-","PDF_nuisance_param_28+","PDF_nuisance_param_28-"
   Percent =  56*True
&End 
  0.350000E+01  0.573000E-04  0.677180E+00  0.101403E+01  0.764816E+00  0.265023E+00  0.613498E+00  0.325857E+01  0.372069E+00  0.757560E+00  0.811106E+01  0.260212E+00 -0.155415E+01  0.359078E+01  0.244864E+01 -0.784127E+00 -0.645968E+00 -0.517201E+00 -0.529944E+00 -0.179816E+00  0.169765E+01 -0.213863E+01  0.295477E+01 -0.271599E+01  0.479498E+01 -0.764983E+01  0.226718E+01 -0.243621E+01 -0.539437E+00  0.636299E+00  0.153989E+01 -0.217993E+01  0.948791E+00 -0.339315E+00  0.124380E+00 -0.162328E+00  0.122615E+01 -0.284805E+01  0.163197E+00  0.489004E-02 -0.846697E+00  0.340129E+00 -0.812565E+00 -0.752019E+00  0.980544E+00 -0.862556E+00  0.711664E+00  0.170267E+01  0.435792E+01  0.227632E+01 -0.142631E+01  0.636473E+00  0.712580E+00  0.232051E+01 -0.204083E+01 -0.144119E+01 -0.184508E+02  0.194642E+01  0.526791E+01 -0.580223E+01
  0.350000E+01  0.800000E-04  0.485030E+00  0.985425E+00  0.732964E+00  0.295817E+00  0.117466E+01  0.278734E+01  0.453939E+00  0.656646E+00  0.718177E+01  0.759054E+00 -0.138316E+01  0.320582E+01  0.192396E+01 -0.466244E+00 -0.541327E+00 -0.590866E+00 -0.454300E+00 -0.213897E+00  0.175073E+01 -0.218967E+01  0.256986E+01 -0.236457E+01  0.414284E+01 -0.667989E+01  0.208347E+01 -0.225548E+01 -0.364200E+00  0.487935E+00  0.136716E+01 -0.195273E+01  0.691882E+00 -0.252714E+00  0.130556E+00 -0.170171E+00  0.814653E+00 -0.199735E+01 -0.248733E+00  0.391551E+00 -0.703731E+00  0.143888E+00 -0.793619E+00 -0.738122E+00  0.927686E+00 -0.809417E+00  0.537086E+00  0.171086E+01  0.353184E+01  0.260219E+01 -0.132874E+01  0.566245E+00  0.924233E+00  0.181496E+01 -0.196740E+01 -0.146019E+01 -0.966100E+01  0.187285E+01  0.324846E+01 -0.405936E+01
  0.450000E+01  0.818000E-04  0.609890E+00  0.105536E+01  0.677656E+00  0.294513E+00  0.960099E+00  0.299511E+01  0.533737E+00  0.500344E+00  0.620153E+01  0.119823E+01 -0.131408E+01  0.290563E+01  0.142998E+01 -0.157202E+00 -0.751080E+00 -0.425333E+00 -0.512686E+00 -0.107921E+00  0.166156E+01 -0.206972E+01  0.221155E+01 -0.202980E+01  0.363249E+01 -0.584288E+01  0.193838E+01 -0.210645E+01 -0.648899E+00  0.770345E+00  0.121162E+01 -0.173892E+01  0.561327E+00 -0.208314E+00  0.711607E-01 -0.923451E-01  0.804587E+00 -0.195228E+01 -0.308900E-01  0.166599E+00 -0.638942E+00  0.901954E-01 -0.799156E+00 -0.654720E+00  0.899366E+00 -0.799358E+00  0.337352E+00  0.157907E+01  0.310589E+01  0.239960E+01 -0.100779E+01  0.558942E+00  0.897239E+00  0.201819E+01 -0.185863E+01 -0.134789E+01 -0.653291E+01  0.873346E+00  0.292728E+01 -0.364289E+01
  0.450000E+01  0.130000E-03  0.383760E+00  0.991114E+00  0.645371E+00  0.325219E+00  0.157485E+01  0.246738E+01  0.574418E+00  0.418050E+00  0.525921E+01  0.166815E+01 -0.114361E+01  0.251277E+01  0.861583E+00  0.184333E+00 -0.620454E+00 -0.520462E+00 -0.408833E+00 -0.158249E+00  0.173304E+01 -0.214147E+01  0.179945E+01 -0.165520E+01  0.290032E+01 -0.473455E+01  0.171320E+01 -0.188718E+01 -0.374077E+00  0.536627E+00  0.991649E+00 -0.145170E+01  0.223244E+00 -0.941838E-01  0.808791E-01 -0.104880E+00  0.290326E+00 -0.880519E+00 -0.560767E+00  0.669264E+00 -0.454941E+00 -0.171783E+00 -0.787801E+00 -0.637968E+00  0.858694E+00 -0.761184E+00  0.241230E+00  0.146977E+01  0.230694E+01  0.266688E+01 -0.958139E+00  0.519740E+00  0.111354E+01  0.147924E+01 -0.178525E+01 -0.138018E+01 -0.295612E+01  0.686475E+00  0.112056E+01 -0.179095E+01
  0.650000E+01  0.986000E-04  0.730850E+00  0.113136E+01  0.599395E+00  0.301783E+00  0.950367E+00  0.298195E+01  0.633713E+00  0.291198E+00  0.478240E+01  0.178308E+01 -0.120482E+01  0.245585E+01  0.720532E+00  0.269757E+00 -0.982520E+00 -0.235637E+00 -0.534757E+00 -0.773984E-02  0.155816E+01 -0.192604E+01  0.168161E+01 -0.154292E+01  0.281033E+01 -0.452780E+01  0.167852E+01 -0.184247E+01 -0.890994E+00  0.101798E+01  0.952955E+00 -0.138694E+01  0.302449E+00 -0.120162E+00  0.904766E-02 -0.106721E-01  0.629731E+00 -0.155994E+01  0.707517E-01  0.473578E-01 -0.492018E+00 -0.682673E-01 -0.790077E+00 -0.552614E+00  0.855974E+00 -0.778058E+00  0.988839E-01  0.136135E+01  0.234722E+01  0.221700E+01 -0.663128E+00  0.565369E+00  0.949053E+00  0.198379E+01 -0.169343E+01 -0.122210E+01 -0.268868E+01 -0.203214E+00  0.195368E+01 -0.257174E+01
  0.650000E+01  0.130000E-03  0.554320E+00  0.111639E+01  0.572991E+00  0.318142E+00  0.120372E+01  0.275610E+01  0.650164E+00  0.235593E+00  0.418431E+01  0.205665E+01 -0.111191E+01  0.221864E+01  0.385265E+00  0.470846E+00 -0.945512E+00 -0.258121E+00 -0.475586E+00 -0.307732E-01  0.157189E+01 -0.193410E+01  0.143195E+01 -0.131437E+01  0.237505E+01 -0.385449E+01  0.153807E+01 -0.170418E+01 -0.784803E+00  0.932127E+00  0.814095E+00 -0.120386E+01  0.114436E+00 -0.566033E-01  0.664002E-02 -0.754072E-02  0.371857E+00 -0.101581E+01 -0.165844E+00  0.269812E+00 -0.388407E+00 -0.207657E+00 -0.784708E+00 -0.528526E+00  0.834226E+00 -0.760573E+00  0.404618E-01  0.126762E+01  0.190534E+01  0.229326E+01 -0.589681E+00  0.538766E+00  0.103306E+01  0.176519E+01 -0.163861E+01 -0.121640E+01 -0.443550E+00 -0.444573E+00  0.107628E+01 -0.162323E+01
  0.650000E+01  0.200000E-03  0.360310E+00  0.104455E+01  0.547965E+00  0.337143E+00  0.162266E+01  0.235683E+01  0.629260E+00  0.198267E+00  0.357543E+01  0.227912E+01 -0.101861E+01  0.197073E+01  0.116428E-01  0.683242E+00 -0.862584E+00 -0.316631E+00 -0.373787E+00 -0.848262E-01  0.161806E+01 -0.197863E+01  0.115694E+01 -0.106942E+01  0.184380E+01 -0.303425E+01  0.134371E+01 -0.151538E+01 -0.515277E+00  0.700711E+00  0.622366E+00 -0.953635E+00 -0.173037E+00  0.404668E-01  0.155178E-01 -0.192325E-01 -0.292646E-01 -0.168409E+00 -0.578831E+00  0.665022E+00 -0.233654E+00 -0.429415E+00 -0.781800E+00 -0.509562E+00  0.827075E+00 -0.759396E+00  0.692214E-01  0.105296E+01  0.143081E+01  0.235329E+01 -0.611888E+00  0.556087E+00  0.116223E+01  0.138264E+01 -0.158480E+01 -0.123967E+01 -0.169795E+00 -0.594279E+00  0.133130E+00 -0.437771E+00
  0.850000E+01  0.139000E-03  0.677950E+00  0.118206E+01  0.529489E+00  0.315736E+00  0.110772E+01  0.278804E+01  0.685641E+00  0.132025E+00  0.353749E+01  0.225155E+01 -0.109510E+01  0.203896E+01  0.101205E+00  0.631705E+00 -0.111975E+01 -0.114389E+00 -0.491279E+00  0.268314E-01  0.148233E+01 -0.181776E+01  0.120560E+01 -0.110939E+01  0.201750E+01 -0.327073E+01  0.140491E+01 -0.156721E+01 -0.956709E+00  0.109853E+01  0.687660E+00 -0.102971E+01  0.115286E-01 -0.212468E-01 -0.285842E-01  0.384390E-01  0.350018E+00 -0.950992E+00 -0.146221E-01  0.112494E+00 -0.321077E+00 -0.270174E+00 -0.775348E+00 -0.469692E+00  0.820534E+00 -0.760384E+00 -0.475425E-01  0.111303E+01  0.161181E+01  0.209251E+01 -0.429226E+00  0.569164E+00  0.102290E+01  0.178944E+01 -0.154433E+01 -0.113238E+01  0.361771E+00 -0.966292E+00  0.885648E+00 -0.134277E+01
  0.850000E+01  0.200000E-03  0.471180E+00  0.114186E+01  0.502582E+00  0.331186E+00  0.137441E+01  0.251821E+01  0.668281E+00  0.923195E-01  0.298759E+01  0.244225E+01 -0.102157E+01  0.182556E+01 -0.210725E+00  0.808835E+00 -0.108337E+01 -0.135096E+00 -0.409570E+00 -0.118864E-01  0.149788E+01 -0.182664E+01  0.970262E+00 -0.898092E+00  0.157416E+01 -0.257695E+01  0.123964E+01 -0.140474E+01 -0.784132E+00  0.953962E+00  0.524555E+00 -0.814818E+00 -0.212648E+00  0.548417E-01 -0.275726E-01  0.374006E-01  0.576459E-01 -0.327650E+00 -0.292054E+00  0.376900E+00 -0.198831E+00 -0.438011E+00 -0.772508E+00 -0.442565E+00  0.814674E+00 -0.760968E+00 -0.359045E-01  0.925500E+00  0.122606E+01  0.209121E+01 -0.408969E+00  0.577269E+00  0.110046E+01  0.153915E+01 -0.148926E+01 -0.113136E+01  0.808556E+00 -0.118974E+01  0.194326E+00 -0.454079E+00
  0.100000E+02  0.130000E-03  0.852810E+00  0.119701E+01  0.523254E+00  0.309590E+00  0.105175E+01  0.280753E+01  0.695241E+00  0.112487E+00  0.351276E+01  0.220892E+01 -0.112818E+01  0.206296E+01  0.118682E+00  0.612606E+00 -0.119702E+01 -0.532978E-01 -0.512798E+00  0.523368E-01  0.144767E+01 -0.177556E+01  0.121050E+01 -0.111770E+01  0.202616E+01 -0.327980E+01  0.139549E+01 -0.155599E+01 -0.103625E+01  0.116921E+01  0.684977E+00 -0.102341E+01  0.275503E-01 -0.263513E-01 -0.370737E-01  0.493778E-01  0.407922E+00 -0.106909E+01  0.983120E-01  0.105188E-02 -0.321141E+00 -0.261170E+00 -0.768990E+00 -0.460968E+00  0.823598E+00 -0.766442E+00 -0.503451E-01  0.108166E+01  0.163236E+01  0.200886E+01 -0.428936E+00  0.606616E+00  0.101800E+01  0.179152E+01 -0.152529E+01 -0.111074E+01 -0.434501E+00 -0.974976E+00  0.102518E+01 -0.149211E+01
  0.100000E+02  0.200000E-03  0.554320E+00  0.119458E+01  0.480180E+00  0.327362E+00  0.126754E+01  0.257374E+01  0.685569E+00  0.413255E-01  0.271117E+01  0.250223E+01 -0.102800E+01  0.176010E+01 -0.308159E+00  0.860220E+00 -0.119420E+01 -0.433065E-01 -0.425212E+00  0.227023E-01  0.143566E+01 -0.174848E+01  0.884353E+00 -0.820858E+00  0.144455E+01 -0.235885E+01  0.118497E+01 -0.134688E+01 -0.909192E+00  0.107065E+01  0.475720E+00 -0.745762E+00 -0.233317E+00  0.621352E-01 -0.472818E-01  0.629201E-01  0.971210E-01 -0.399727E+00 -0.153157E+00  0.236974E+00 -0.178648E+00 -0.445987E+00 -0.765369E+00 -0.411159E+00  0.808687E+00 -0.761959E+00 -0.798420E-01  0.856565E+00  0.112543E+01  0.195843E+01 -0.323268E+00  0.593681E+00  0.107382E+01  0.159063E+01 -0.144026E+01 -0.107899E+01  0.114191E+01 -0.143603E+01  0.221998E+00 -0.460806E+00
  0.120000E+02  0.161000E-03  0.826320E+00  0.123184E+01  0.483922E+00  0.315682E+00  0.112166E+01  0.268757E+01  0.706905E+00  0.342310E-01  0.288104E+01  0.239941E+01 -0.108418E+01  0.185726E+01 -0.176364E+00  0.777525E+00 -0.128322E+01  0.247499E-01 -0.478424E+00  0.639675E-01  0.139296E+01 -0.170012E+01  0.974104E+00 -0.904141E+00  0.161536E+01 -0.262341E+01  0.123851E+01 -0.139701E+01 -0.106003E+01  0.120056E+01  0.536771E+00 -0.822744E+00 -0.129171E+00  0.271816E-01 -0.552896E-01  0.738337E-01  0.264358E+00 -0.751928E+00  0.644306E-01  0.251197E-01 -0.224731E+00 -0.372826E+00 -0.757561E+00 -0.413604E+00  0.810039E+00 -0.762767E+00 -0.972140E-01  0.910833E+00  0.127098E+01  0.189218E+01 -0.324311E+00  0.621396E+00  0.104303E+01  0.167852E+01 -0.143956E+01 -0.105666E+01  0.666709E+00 -0.134647E+01  0.567523E+00 -0.910194E+00
  0.120000E+02  0.200000E-03  0.665190E+00  0.124084E+01  0.460495E+00  0.323218E+00  0.119212E+01  0.259548E+01  0.698889E+00 -0.258954E-02  0.248111E+01  0.253324E+01 -0.103971E+01  0.170989E+01 -0.381561E+00  0.894666E+00 -0.129536E+01  0.411130E-01 -0.436768E+00  0.518342E-01  0.137788E+01 -0.167614E+01  0.814910E+00 -0.760008E+00  0.133294E+01 -0.217264E+01  0.113266E+01 -0.129169E+01 -0.101190E+01  0.116524E+01  0.431620E+00 -0.683226E+00 -0.253469E+00  0.692583E-01 -0.629652E-01  0.832463E-01  0.127849E+00 -0.455024E+00 -0.332555E-01  0.115843E+00 -0.157084E+00 -0.457934E+00 -0.756315E+00 -0.384971E+00  0.804154E+00 -0.763454E+00 -0.109387E+00  0.787724E+00  0.103659E+01  0.183687E+01 -0.264064E+00  0.616573E+00  0.105617E+01  0.160612E+01 -0.139469E+01 -0.103393E+01  0.127778E+01 -0.160505E+01  0.242291E+00 -0.463386E+00
  0.120000E+02  0.320000E-03  0.415740E+00  0.117293E+01  0.431826E+00  0.335186E+00  0.144574E+01  0.227578E+01  0.639632E+00 -0.257744E-01  0.201208E+01  0.258666E+01 -0.996306E+00  0.153117E+01 -0.634213E+00  0.101685E+01 -0.127089E+01  0.323428E-01 -0.330400E+00 -0.656432E-02  0.138513E+01 -0.167573E+01  0.615187E+00 -0.590181E+00  0.908418E+00 -0.150199E+01  0.938707E+00 -0.110216E+01 -0.754704E+00  0.942683E+00  0.244854E+00 -0.437679E+00 -0.506505E+00  0.154997E+00 -0.582189E-01  0.766692E-01 -0.173774E+00  0.196423E+00 -0.324431E+00  0.395415E+00 -0.243109E-01 -0.640882E+00 -0.756219E+00 -0.352970E+00  0.821321E+00 -0.791682E+00 -0.937570E-02  0.479676E+00  0.730811E+00  0.171172E+01 -0.312065E+00  0.667434E+00  0.110949E+01  0.132297E+01 -0.133954E+01 -0.103365E+01  0.786876E+00 -0.169615E+01 -0.202417E+00  0.252994E+00
  0.150000E+02  0.200000E-03  0.831490E+00  0.126447E+01  0.446068E+00  0.318950E+00  0.117755E+01  0.255569E+01  0.705250E+00 -0.334976E-01  0.233732E+01  0.251320E+01 -0.106167E+01  0.168905E+01 -0.411951E+00  0.899289E+00 -0.137893E+01  0.111525E+00 -0.440664E+00  0.705527E-01  0.133002E+01 -0.161641E+01  0.775628E+00 -0.729073E+00  0.125436E+01 -0.204482E+01  0.108522E+01 -0.124194E+01 -0.107332E+01  0.121934E+01  0.396078E+00 -0.632458E+00 -0.273573E+00  0.763753E-01 -0.712693E-01  0.942079E-01  0.141457E+00 -0.477204E+00  0.499353E-01  0.310900E-01 -0.132807E+00 -0.478066E+00 -0.744232E+00 -0.368593E+00  0.803193E+00 -0.766733E+00 -0.112038E+00  0.718513E+00  0.970025E+00  0.173758E+01 -0.254201E+00  0.653127E+00  0.105740E+01  0.155503E+01 -0.135618E+01 -0.100315E+01  0.105367E+01 -0.162400E+01  0.246331E+00 -0.455415E+00
  0.150000E+02  0.246000E-03  0.676000E+00  0.127475E+01  0.424744E+00  0.324561E+00  0.121755E+01  0.247889E+01  0.690655E+00 -0.634771E-01  0.200574E+01  0.259900E+01 -0.103142E+01  0.157066E+01 -0.573971E+00  0.987121E+00 -0.139941E+01  0.134608E+00 -0.401752E+00  0.584652E-01  0.131062E+01 -0.158781E+01  0.646907E+00 -0.613783E+00  0.101934E+01 -0.166614E+01  0.989137E+00 -0.114606E+01 -0.102761E+01  0.118499E+01  0.302163E+00 -0.507027E+00 -0.380779E+00  0.112988E+00 -0.782010E-01  0.103155E+00  0.335102E-01 -0.238852E+00 -0.202988E-01  0.962475E-01 -0.747767E-01 -0.549519E+00 -0.743345E+00 -0.341130E+00  0.802981E+00 -0.772879E+00 -0.107703E+00  0.588545E+00  0.790088E+00  0.165496E+01 -0.210140E+00  0.657383E+00  0.105875E+01  0.149789E+01 -0.131552E+01 -0.979544E+00  0.128394E+01 -0.184383E+01  0.398326E-01 -0.132555E+00
  0.150000E+02  0.320000E-03  0.519680E+00  0.124613E+01  0.407076E+00  0.330204E+00  0.132062E+01  0.232479E+01  0.656801E+00 -0.782921E-01  0.174872E+01  0.261494E+01 -0.101292E+01  0.147664E+01 -0.701134E+00  0.104526E+01 -0.140042E+01  0.141976E+00 -0.345132E+00  0.285846E-01  0.130486E+01 -0.157580E+01  0.542995E+00 -0.526236E+00  0.797618E+00 -0.131322E+01  0.883056E+00 -0.104165E+01 -0.902766E+00  0.107748E+01  0.200864E+00 -0.373389E+00 -0.510338E+00  0.156937E+00 -0.775827E-01  0.102276E+00 -0.109204E+00  0.728956E-01 -0.148466E+00  0.219171E+00 -0.688188E-02 -0.639935E+00 -0.742999E+00 -0.319647E+00  0.814006E+00 -0.790723E+00 -0.528700E-01  0.412954E+00  0.637441E+00  0.155893E+01 -0.228754E+00  0.686030E+00  0.107419E+01  0.136542E+01 -0.128227E+01 -0.971972E+00  0.100027E+01 -0.191538E+01 -0.145502E+00  0.192794E+00
  0.180000E+02  0.268000E-03  0.744610E+00  0.129832E+01  0.406046E+00  0.322750E+00  0.121954E+01  0.241274E+01  0.685958E+00 -0.946998E-01  0.179459E+01  0.259512E+01 -0.103983E+01  0.151703E+01 -0.640405E+00  0.101105E+01 -0.146924E+01  0.196587E+00 -0.387130E+00  0.649449E-01  0.126431E+01 -0.152892E+01  0.579173E+00 -0.557288E+00  0.884204E+00 -0.144722E+01  0.917617E+00 -0.107265E+01 -0.104937E+01  0.120520E+01  0.242005E+00 -0.424314E+00 -0.432557E+00  0.130859E+00 -0.857247E-01  0.112988E+00  0.730582E-02 -0.174271E+00  0.178435E-01  0.553602E-01 -0.357405E-01 -0.589247E+00 -0.732827E+00 -0.318888E+00  0.803203E+00 -0.778641E+00 -0.100021E+00  0.483792E+00  0.683353E+00  0.154152E+01 -0.194299E+00  0.687194E+00  0.105550E+01  0.143295E+01 -0.127126E+01 -0.947385E+00  0.118889E+01 -0.191117E+01 -0.116285E-01 -0.314263E-01
  0.180000E+02  0.328000E-03  0.608400E+00  0.129039E+01  0.390074E+00  0.326662E+00  0.126610E+01  0.231765E+01  0.661913E+00 -0.110950E+00  0.157615E+01  0.261126E+01 -0.102654E+01  0.144023E+01 -0.740412E+00  0.105652E+01 -0.148337E+01  0.213726E+00 -0.346889E+00  0.463176E-01  0.125070E+01 -0.150835E+01  0.495619E+00 -0.486321E+00  0.712843E+00 -0.117187E+01  0.835126E+00 -0.990887E+00 -0.975100E+00  0.114249E+01  0.163712E+00 -0.320373E+00 -0.525208E+00  0.162413E+00 -0.880768E-01  0.115826E+00 -0.842648E-01  0.290035E-01 -0.518236E-01  0.121575E+00  0.128172E-01 -0.650759E+00 -0.732160E+00 -0.298239E+00  0.810900E+00 -0.792161E+00 -0.658507E-01  0.348046E+00  0.566405E+00  0.144917E+01 -0.192826E+00  0.706143E+00  0.105603E+01  0.135547E+01 -0.124139E+01 -0.933356E+00  0.103164E+01 -0.200750E+01 -0.124828E+00  0.181519E+00
  0.180000E+02  0.500000E-03  0.399110E+00  0.121218E+01  0.370148E+00  0.330831E+00  0.142794E+01  0.203904E+01  0.590558E+00 -0.114346E+00  0.135164E+01  0.250480E+01 -0.102173E+01  0.134988E+01 -0.834836E+00  0.107111E+01 -0.147280E+01  0.216682E+00 -0.255996E+00 -0.105738E-01  0.124983E+01 -0.150077E+01  0.407253E+00 -0.424124E+00  0.467730E+00 -0.783997E+00  0.684859E+00 -0.844084E+00 -0.702925E+00  0.901243E+00  0.264915E-01 -0.139409E+00 -0.708201E+00  0.224850E+00 -0.800340E-01  0.105084E+00 -0.274352E+00  0.449365E+00 -0.245816E+00  0.310563E+00  0.100657E+00 -0.769341E+00 -0.733671E+00 -0.272530E+00  0.844594E+00 -0.836847E+00  0.779361E-01  0.430003E-01  0.423085E+00  0.125784E+01 -0.293165E+00  0.774160E+00  0.106587E+01  0.111555E+01 -0.120653E+01 -0.935164E+00  0.382729E+00 -0.177506E+01 -0.245093E+00  0.480751E+00
  0.220000E+02  0.500000E-03  0.487800E+00  0.127412E+01  0.353302E+00  0.326536E+00  0.134349E+01  0.205558E+01  0.601595E+00 -0.147665E+00  0.119826E+01  0.249776E+01 -0.103743E+01  0.132133E+01 -0.852790E+00  0.107081E+01 -0.156259E+01  0.295140E+00 -0.264248E+00  0.113095E-01  0.118566E+01 -0.142200E+01  0.372339E+00 -0.394014E+00  0.411465E+00 -0.687985E+00  0.649336E+00 -0.804634E+00 -0.809356E+00  0.995239E+00  0.387816E-02 -0.104853E+00 -0.697619E+00  0.221724E+00 -0.910160E-01  0.119584E+00 -0.219908E+00  0.341898E+00 -0.114907E+00  0.179347E+00  0.110222E+00 -0.763407E+00 -0.719604E+00 -0.251436E+00  0.836554E+00 -0.832065E+00  0.495657E-01  0.882865E-02  0.364524E+00  0.115565E+01 -0.244748E+00  0.783666E+00  0.103795E+01  0.112689E+01 -0.116422E+01 -0.890552E+00  0.447392E+00 -0.189183E+01 -0.204402E+00  0.420492E+00
  0.270000E+02  0.335000E-03  0.893540E+00  0.131518E+01  0.373482E+00  0.319215E+00  0.128610E+01  0.219925E+01  0.656960E+00 -0.137585E+00  0.146555E+01  0.251239E+01 -0.106115E+01  0.142912E+01 -0.721107E+00  0.101902E+01 -0.157492E+01  0.296624E+00 -0.337764E+00  0.573579E-01  0.118159E+01 -0.142355E+01  0.477120E+00 -0.478577E+00  0.642317E+00 -0.105991E+01  0.770537E+00 -0.922702E+00 -0.100936E+01  0.116670E+01  0.123214E+00 -0.262389E+00 -0.545677E+00  0.169996E+00 -0.908443E-01  0.118927E+00 -0.756311E-01  0.184027E-01  0.329379E-01  0.344648E-01  0.474405E-01 -0.679433E+00 -0.708739E+00 -0.283088E+00  0.808888E+00 -0.793883E+00 -0.389785E-01  0.252622E+00  0.490702E+00  0.132201E+01 -0.220359E+00  0.752504E+00  0.105269E+01  0.123063E+01 -0.119015E+01 -0.897949E+00  0.803543E+00 -0.187753E+01 -0.117734E+00  0.180388E+00
  0.270000E+02  0.410000E-03  0.730080E+00  0.133663E+01  0.353152E+00  0.321037E+00  0.126660E+01  0.214399E+01  0.636081E+00 -0.162263E+00  0.122494E+01  0.251916E+01 -0.105341E+01  0.135021E+01 -0.812642E+00  0.105636E+01 -0.161600E+01  0.337138E+00 -0.305166E+00  0.470155E-01  0.114904E+01 -0.138028E+01  0.394947E+00 -0.409384E+00  0.481345E+00 -0.797175E+00  0.688216E+00 -0.839684E+00 -0.972450E+00  0.113720E+01  0.470973E-01 -0.159839E+00 -0.620880E+00  0.195701E+00 -0.979123E-01  0.128201E+00 -0.125175E+00  0.136452E+00  0.249520E-01  0.402528E-01  0.864986E-01 -0.721741E+00 -0.707097E+00 -0.255040E+00  0.816557E+00 -0.809103E+00 -0.159228E-01  0.112893E+00  0.384791E+00  0.118698E+01 -0.196208E+00  0.768834E+00  0.102991E+01  0.119402E+01 -0.115297E+01 -0.868935E+00  0.705319E+00 -0.200072E+01 -0.154943E+00  0.293707E+00
  0.270000E+02  0.500000E-03  0.598670E+00  0.132292E+01  0.340153E+00  0.322459E+00  0.129111E+01  0.204873E+01  0.608221E+00 -0.172136E+00  0.109009E+01  0.247558E+01 -0.105307E+01  0.130305E+01 -0.856654E+00  0.106192E+01 -0.163328E+01  0.357536E+00 -0.268555E+00  0.269263E-01  0.113323E+01 -0.135824E+01  0.350090E+00 -0.376620E+00  0.370152E+00 -0.618236E+00  0.618691E+00 -0.770983E+00 -0.884368E+00  0.105992E+01 -0.147101E-01 -0.771633E-01 -0.690706E+00  0.219681E+00 -0.983229E-01  0.128769E+00 -0.181022E+00  0.265224E+00 -0.161738E-01  0.797540E-01  0.120262E+00 -0.762018E+00 -0.706675E+00 -0.236654E+00  0.830391E+00 -0.828559E+00  0.348357E-01 -0.235153E-01  0.317883E+00  0.107336E+01 -0.218383E+00  0.795187E+00  0.101848E+01  0.111589E+01 -0.112980E+01 -0.856678E+00  0.464559E+00 -0.194541E+01 -0.175202E+00  0.375846E+00
  0.270000E+02  0.800000E-03  0.374170E+00  0.122104E+01  0.323485E+00  0.320635E+00  0.140914E+01  0.174274E+01  0.530036E+00 -0.170520E+00  0.981959E+00  0.225147E+01 -0.106218E+01  0.124005E+01 -0.855782E+00  0.100092E+01 -0.162271E+01  0.365126E+00 -0.180953E+00 -0.355099E-01  0.113075E+01 -0.134801E+01  0.324037E+00 -0.378560E+00  0.217183E+00 -0.381811E+00  0.482010E+00 -0.637038E+00 -0.542334E+00  0.751806E+00 -0.130456E+00  0.758133E-01 -0.839660E+00  0.271112E+00 -0.879625E-01  0.114868E+00 -0.302392E+00  0.545130E+00 -0.158048E+00  0.221055E+00  0.178582E+00 -0.835635E+00 -0.710395E+00 -0.210431E+00  0.878053E+00 -0.888259E+00  0.213658E+00 -0.351873E+00  0.231380E+00  0.820315E+00 -0.360673E+00  0.868902E+00  0.990569E+00  0.856276E+00 -0.110564E+01 -0.859435E+00 -0.980429E-01 -0.137835E+01 -0.155828E+00  0.450209E+00
  0.350000E+02  0.574000E-03  0.676000E+00  0.134684E+01  0.321122E+00  0.317883E+00  0.128508E+01  0.193692E+01  0.590238E+00 -0.195186E+00  0.948441E+00  0.238084E+01 -0.107372E+01  0.126788E+01 -0.855204E+00  0.103138E+01 -0.170347E+01  0.425625E+00 -0.243232E+00  0.223673E-01  0.107379E+01 -0.128369E+01  0.320117E+00 -0.359540E+00  0.279200E+00 -0.471772E+00  0.543565E+00 -0.693050E+00 -0.865426E+00  0.103863E+01 -0.686714E-01 -0.198288E-02 -0.728565E+00  0.233290E+00 -0.101324E+00  0.132048E+00 -0.184331E+00  0.284150E+00  0.382300E-01  0.240294E-01  0.152583E+00 -0.788036E+00 -0.690993E+00 -0.214679E+00  0.835684E+00 -0.839739E+00  0.742048E-01 -0.151735E+00  0.239574E+00  0.919186E+00 -0.237718E+00  0.829740E+00  0.994361E+00  0.101266E+01 -0.108337E+01 -0.821690E+00  0.264793E+00 -0.185476E+01 -0.155734E+00  0.373529E+00
  0.350000E+02  0.800000E-03  0.485030E+00  0.129218E+01  0.306842E+00  0.316520E+00  0.133299E+01  0.174445E+01  0.541987E+00 -0.200605E+00  0.853798E+00  0.222838E+01 -0.108245E+01  0.122251E+01 -0.850431E+00  0.985487E+00 -0.171329E+01  0.445915E+00 -0.186283E+00 -0.165567E-01  0.105977E+01 -0.126204E+01  0.301364E+00 -0.359716E+00  0.178824E+00 -0.315437E+00  0.450338E+00 -0.600763E+00 -0.659233E+00  0.852705E+00 -0.145285E+00  0.100518E+00 -0.817227E+00  0.264013E+00 -0.969123E-01  0.126651E+00 -0.241196E+00  0.422147E+00 -0.208503E-01  0.835130E-01  0.187601E+00 -0.826958E+00 -0.691618E+00 -0.192169E+00  0.866874E+00 -0.879289E+00  0.184074E+00 -0.369836E+00  0.177628E+00  0.729639E+00 -0.319625E+00  0.876646E+00  0.965299E+00  0.849675E+00 -0.106094E+01 -0.813924E+00 -0.101737E+00 -0.148253E+01 -0.126586E+00  0.388539E+00
  0.450000E+02  0.800000E-03  0.623610E+00  0.133918E+01  0.295792E+00  0.312591E+00  0.129653E+01  0.171976E+01  0.546288E+00 -0.218224E+00  0.783324E+00  0.218968E+01 -0.109791E+01  0.121258E+01 -0.832046E+00  0.963015E+00 -0.177100E+01  0.499507E+00 -0.187075E+00 -0.605514E-02  0.100845E+01 -0.119997E+01  0.293091E+00 -0.354747E+00  0.156795E+00 -0.278919E+00  0.425809E+00 -0.572831E+00 -0.724013E+00  0.906142E+00 -0.155086E+00  0.116936E+00 -0.802755E+00  0.259343E+00 -0.100702E+00  0.131100E+00 -0.204896E+00  0.349836E+00  0.647769E-01 -0.303763E-02  0.195990E+00 -0.823725E+00 -0.675860E+00 -0.181486E+00  0.858302E+00 -0.871913E+00  0.173458E+00 -0.387123E+00  0.138946E+00  0.666730E+00 -0.305479E+00  0.882951E+00  0.947641E+00  0.821324E+00 -0.102855E+01 -0.783855E+00 -0.118735E+00 -0.151472E+01 -0.110353E+00  0.350263E+00
  0.450000E+02  0.130000E-02  0.383760E+00  0.122596E+01  0.282213E+00  0.304814E+00  0.135023E+01  0.140927E+01  0.486744E+00 -0.222696E+00  0.765252E+00  0.190175E+01 -0.110656E+01  0.116024E+01 -0.745842E+00  0.836915E+00 -0.175624E+01  0.507751E+00 -0.120359E+00 -0.638160E-01  0.100712E+01 -0.119090E+01  0.319590E+00 -0.409479E+00  0.107038E+00 -0.218356E+00  0.327488E+00 -0.476727E+00 -0.355315E+00  0.567554E+00 -0.225833E+00  0.211619E+00 -0.882353E+00  0.287423E+00 -0.926427E-01  0.119036E+00 -0.223985E+00  0.411370E+00  0.611613E-02  0.578018E-01  0.211765E+00 -0.832046E+00 -0.682020E+00 -0.154671E+00  0.903671E+00 -0.928722E+00  0.337643E+00 -0.665491E+00  0.710340E-01  0.404514E+00 -0.454147E+00  0.929163E+00  0.877126E+00  0.555251E+00 -0.101672E+01 -0.785993E+00 -0.461410E+00 -0.926573E+00 -0.346143E-01  0.254550E+00
  0.600000E+02  0.130000E-02  0.511680E+00  0.128657E+01  0.269440E+00  0.301437E+00  0.130402E+01  0.139079E+01  0.494266E+00 -0.241553E+00  0.687105E+00  0.186753E+01 -0.112376E+01  0.115292E+01 -0.721722E+00  0.811916E+00 -0.182211E+01  0.569455E+00 -0.120261E+00 -0.527822E-01  0.945135E+00 -0.111636E+01  0.311435E+00 -0.403181E+00  0.882835E-01 -0.186206E+00  0.304582E+00 -0.449470E+00 -0.450846E+00  0.647454E+00 -0.231141E+00  0.222993E+00 -0.857129E+00  0.279357E+00 -0.965296E-01  0.124195E+00 -0.178736E+00  0.318896E+00  0.108470E+00 -0.454160E-01  0.220310E+00 -0.826380E+00 -0.662000E+00 -0.143594E+00  0.890159E+00 -0.915539E+00  0.315264E+00 -0.665230E+00  0.300530E-01  0.347605E+00 -0.430596E+00  0.930841E+00  0.858908E+00  0.530136E+00 -0.978395E+00 -0.749917E+00 -0.497802E+00 -0.968721E+00 -0.281060E-01  0.220201E+00
  0.700000E+02  0.130000E-02  0.596960E+00  0.130756E+01  0.264846E+00  0.299479E+00  0.129133E+01  0.137317E+01  0.495428E+00 -0.247080E+00  0.664292E+00  0.184498E+01 -0.112984E+01  0.114971E+01 -0.706053E+00  0.797238E+00 -0.184381E+01  0.591240E+00 -0.118799E+00 -0.495912E-01  0.920344E+00 -0.108657E+01  0.311393E+00 -0.403884E+00  0.830521E-01 -0.177626E+00  0.294926E+00 -0.438058E+00 -0.479331E+00  0.670015E+00 -0.232799E+00  0.226915E+00 -0.847498E+00  0.276311E+00 -0.968700E-01  0.124677E+00 -0.163897E+00  0.288731E+00  0.143410E+00 -0.807500E-01  0.224260E+00 -0.824851E+00 -0.653146E+00 -0.140110E+00  0.884261E+00 -0.909429E+00  0.310470E+00 -0.666210E+00  0.130401E-01  0.325918E+00 -0.426423E+00  0.930019E+00  0.850063E+00  0.511901E+00 -0.963096E+00 -0.736439E+00 -0.511527E+00 -0.974932E+00 -0.269421E-01  0.208966E+00
  0.700000E+02  0.200000E-02  0.388030E+00  0.119568E+01  0.257871E+00  0.288890E+00  0.129638E+01  0.109112E+01  0.469390E+00 -0.256801E+00  0.697275E+00  0.158276E+01 -0.112464E+01  0.109664E+01 -0.583692E+00  0.653531E+00 -0.180876E+01  0.584684E+00 -0.819772E-01 -0.945127E-01  0.933508E+00 -0.109425E+01  0.360226E+00 -0.474051E+00  0.107446E+00 -0.244085E+00  0.253305E+00 -0.397287E+00 -0.145565E+00  0.357792E+00 -0.250833E+00  0.252619E+00 -0.850980E+00  0.278806E+00 -0.941939E-01  0.119755E+00 -0.105216E+00  0.178886E+00  0.140427E+00 -0.741381E-01  0.208886E+00 -0.787247E+00 -0.662110E+00 -0.117155E+00  0.908870E+00 -0.940026E+00  0.420854E+00 -0.831336E+00 -0.659397E-01  0.130141E+00 -0.546804E+00  0.922734E+00  0.752756E+00  0.265253E+00 -0.964998E+00 -0.742319E+00 -0.646770E+00 -0.702073E+00  0.166971E-01  0.877476E-01
  0.900000E+02  0.200000E-02  0.498890E+00  0.123732E+01  0.249529E+00  0.286831E+00  0.127282E+01  0.106994E+01  0.472630E+00 -0.265916E+00  0.654385E+00  0.155371E+01 -0.113621E+01  0.109488E+01 -0.558825E+00  0.631964E+00 -0.184932E+01  0.624781E+00 -0.783125E-01 -0.895156E-01  0.887536E+00 -0.103931E+01  0.358564E+00 -0.472504E+00  0.983668E-01 -0.227944E+00  0.238141E+00 -0.378570E+00 -0.214504E+00  0.414605E+00 -0.251660E+00  0.257045E+00 -0.831315E+00  0.272554E+00 -0.950028E-01  0.120933E+00 -0.796281E-01  0.126283E+00  0.203585E+00 -0.138103E+00  0.216727E+00 -0.785725E+00 -0.645181E+00 -0.111481E+00  0.896550E+00 -0.926890E+00  0.405820E+00 -0.822613E+00 -0.921745E-01  0.101085E+00 -0.533868E+00  0.920991E+00  0.741860E+00  0.240540E+00 -0.936425E+00 -0.717234E+00 -0.682015E+00 -0.710073E+00  0.114303E-01  0.776889E-01
  0.120000E+03  0.212000E-02  0.627540E+00  0.124848E+01  0.243044E+00  0.282767E+00  0.125545E+01  0.100161E+01  0.470887E+00 -0.271477E+00  0.635495E+00  0.148557E+01 -0.114041E+01  0.108223E+01 -0.512498E+00  0.588076E+00 -0.186578E+01  0.648866E+00 -0.699381E-01 -0.929670E-01  0.853516E+00 -0.997597E+00  0.368132E+00 -0.484362E+00  0.100325E+00 -0.234992E+00  0.224157E+00 -0.361573E+00 -0.212378E+00  0.405203E+00 -0.250229E+00  0.258287E+00 -0.810681E+00  0.266141E+00 -0.942355E-01  0.119647E+00 -0.514595E-01  0.693196E-01  0.246344E+00 -0.180974E+00  0.219853E+00 -0.777493E+00 -0.631964E+00 -0.105116E+00  0.886068E+00 -0.915518E+00  0.409383E+00 -0.829415E+00 -0.128398E+00  0.580025E-01 -0.542833E+00  0.907877E+00  0.712015E+00  0.178252E+00 -0.914336E+00 -0.698968E+00 -0.714161E+00 -0.680404E+00  0.661750E-02  0.604936E-01
  0.120000E+03  0.320000E-02  0.415740E+00  0.114035E+01  0.240014E+00  0.271148E+00  0.121258E+01  0.729896E+00  0.474883E+00 -0.284364E+00  0.669308E+00  0.126980E+01 -0.111877E+01  0.101572E+01 -0.382109E+00  0.445318E+00 -0.180389E+01  0.623765E+00 -0.549624E-01 -0.130962E+00  0.883875E+00 -0.102420E+01  0.411571E+00 -0.541812E+00  0.156462E+00 -0.358500E+00  0.236270E+00 -0.373208E+00  0.603159E-01  0.139946E+00 -0.222576E+00  0.225407E+00 -0.742812E+00  0.244497E+00 -0.101291E+00  0.126713E+00  0.586717E-01 -0.158553E+00  0.271156E+00 -0.201976E+00  0.194695E+00 -0.724084E+00 -0.643714E+00 -0.827648E-01  0.873596E+00 -0.902328E+00  0.459812E+00 -0.879278E+00 -0.249969E+00 -0.728770E-01 -0.627486E+00  0.829413E+00  0.580166E+00 -0.657374E-01 -0.922887E+00 -0.708019E+00 -0.730589E+00 -0.558391E+00 -0.188241E-01  0.555099E-02
  0.150000E+03  0.320000E-02  0.519680E+00  0.116428E+01  0.234979E+00  0.269557E+00  0.120281E+01  0.710205E+00  0.473801E+00 -0.286119E+00  0.649329E+00  0.124629E+01 -0.112479E+01  0.101554E+01 -0.360812E+00  0.428722E+00 -0.182396E+01  0.646068E+00 -0.492157E-01 -0.130157E+00  0.851988E+00 -0.986485E+00  0.412936E+00 -0.542514E+00  0.151610E+00 -0.349694E+00  0.225974E+00 -0.360369E+00  0.169607E-01  0.174635E+00 -0.222220E+00  0.226794E+00 -0.730590E+00  0.240455E+00 -0.100153E+00  0.125231E+00  0.676824E-01 -0.177157E+00  0.302163E+00 -0.233834E+00  0.201277E+00 -0.725311E+00 -0.630707E+00 -0.807517E-01  0.863427E+00 -0.890923E+00  0.451482E+00 -0.869233E+00 -0.264447E+00 -0.847359E-01 -0.621688E+00  0.825287E+00  0.573145E+00 -0.850391E-01 -0.902865E+00 -0.691874E+00 -0.755284E+00 -0.550699E+00 -0.271103E-01  0.894080E-02
  0.200000E+03  0.320000E-02  0.692900E+00  0.117128E+01  0.232457E+00  0.267453E+00  0.119120E+01  0.686835E+00  0.470408E+00 -0.283481E+00  0.639484E+00  0.122152E+01 -0.112320E+01  0.100882E+01 -0.339302E+00  0.411913E+00 -0.182599E+01  0.654447E+00 -0.442260E-01 -0.130480E+00  0.830202E+00 -0.960357E+00  0.416212E+00 -0.544767E+00  0.149980E+00 -0.346840E+00  0.220207E+00 -0.352353E+00  0.184708E-02  0.184120E+00 -0.220132E+00  0.225473E+00 -0.719685E+00  0.236919E+00 -0.980387E-01  0.122562E+00  0.714634E-01 -0.184439E+00  0.314583E+00 -0.246590E+00  0.204518E+00 -0.723632E+00 -0.621018E+00 -0.797589E-01  0.853300E+00 -0.878870E+00  0.446828E+00 -0.858026E+00 -0.277993E+00 -0.909219E-01 -0.618440E+00  0.811098E+00  0.558180E+00 -0.102268E+00 -0.888374E+00 -0.680275E+00 -0.765930E+00 -0.540414E+00 -0.339442E-01  0.140239E-01
  0.200000E+03  0.500000E-02  0.443460E+00  0.105967E+01  0.232530E+00  0.258378E+00  0.109823E+01  0.392617E+00  0.492920E+00 -0.287722E+00  0.648511E+00  0.103955E+01 -0.108514E+01  0.923915E+00 -0.214231E+00  0.278914E+00 -0.171853E+01  0.599733E+00 -0.373943E-01 -0.173341E+00  0.883400E+00 -0.101027E+01  0.436634E+00 -0.569376E+00  0.203578E+00 -0.465941E+00  0.281556E+00 -0.411254E+00  0.199023E+00 -0.252315E-01 -0.155698E+00  0.146185E+00 -0.587485E+00  0.194018E+00 -0.117695E+00  0.145934E+00  0.199615E+00 -0.457149E+00  0.325390E+00 -0.253070E+00  0.194600E+00 -0.688764E+00 -0.634555E+00 -0.558992E-01  0.785792E+00 -0.799133E+00  0.447492E+00 -0.804654E+00 -0.457632E+00 -0.178574E+00 -0.675522E+00  0.641284E+00  0.372892E+00 -0.369400E+00 -0.896578E+00 -0.693022E+00 -0.718795E+00 -0.456524E+00 -0.136831E+00  0.791964E-01
  0.250000E+03  0.500000E-02  0.554320E+00  0.107265E+01  0.229571E+00  0.256773E+00  0.109245E+01  0.376697E+00  0.488808E+00 -0.285267E+00  0.638018E+00  0.101994E+01 -0.108751E+01  0.923600E+00 -0.196928E+00  0.266590E+00 -0.172723E+01  0.612267E+00 -0.309540E-01 -0.174117E+00  0.859569E+00 -0.982442E+00  0.438701E+00 -0.570484E+00  0.199972E+00 -0.458652E+00  0.273211E+00 -0.400828E+00  0.171041E+00 -0.342648E-02 -0.155227E+00  0.146889E+00 -0.580146E+00  0.191601E+00 -0.115574E+00  0.143392E+00  0.199710E+00 -0.457257E+00  0.338905E+00 -0.267364E+00  0.199692E+00 -0.690171E+00 -0.624199E+00 -0.551511E-01  0.777221E+00 -0.789201E+00  0.442538E+00 -0.795517E+00 -0.464602E+00 -0.183221E+00 -0.672480E+00  0.636079E+00  0.366865E+00 -0.381693E+00 -0.880682E+00 -0.681389E+00 -0.735868E+00 -0.444849E+00 -0.143547E+00  0.853605E-01
  0.300000E+03  0.500000E-02  0.665190E+00  0.107269E+01  0.228969E+00  0.255345E+00  0.108364E+01  0.367520E+00  0.485542E+00 -0.281909E+00  0.632381E+00  0.100984E+01 -0.108501E+01  0.919606E+00 -0.188108E+00  0.260230E+00 -0.172422E+01  0.613505E+00 -0.284968E-01 -0.174370E+00  0.850316E+00 -0.971661E+00  0.439435E+00 -0.570547E+00  0.198377E+00 -0.455506E+00  0.270938E+00 -0.397446E+00  0.165019E+00 -0.475670E-04 -0.153786E+00  0.145512E+00 -0.574969E+00  0.189847E+00 -0.114380E+00  0.141923E+00  0.198958E+00 -0.455637E+00  0.339662E+00 -0.268406E+00  0.200619E+00 -0.688803E+00 -0.619986E+00 -0.546654E-01  0.771288E+00 -0.782095E+00  0.438769E+00 -0.787745E+00 -0.469081E+00 -0.184126E+00 -0.669878E+00  0.626693E+00  0.357996E+00 -0.385974E+00 -0.873239E+00 -0.676129E+00 -0.741773E+00 -0.438865E+00 -0.146739E+00  0.887895E-01
  0.300000E+03  0.800000E-02  0.415740E+00  0.947794E+00  0.234591E+00  0.256815E+00  0.916545E+00  0.705811E-01  0.509148E+00 -0.251012E+00  0.590286E+00  0.874342E+00 -0.102524E+01  0.817446E+00 -0.111574E+00  0.175917E+00 -0.152864E+01  0.495576E+00 -0.198257E-01 -0.231324E+00  0.943537E+00 -0.106662E+01  0.412546E+00 -0.533619E+00  0.208421E+00 -0.490593E+00  0.379933E+00 -0.502602E+00  0.236677E+00 -0.111204E+00 -0.669417E-01  0.378506E-01 -0.402677E+00  0.133386E+00 -0.149584E+00  0.184636E+00  0.278561E+00 -0.629372E+00  0.259562E+00 -0.182771E+00  0.228753E+00 -0.711261E+00 -0.636503E+00 -0.326128E-01  0.624216E+00 -0.605453E+00  0.394370E+00 -0.638804E+00 -0.685957E+00 -0.240688E+00 -0.698418E+00  0.336084E+00  0.100344E+00 -0.642582E+00 -0.881759E+00 -0.697268E+00 -0.632977E+00 -0.349372E+00 -0.309599E+00  0.298896E+00
  0.400000E+03  0.800000E-02  0.554320E+00  0.958240E+00  0.232136E+00  0.253797E+00  0.913189E+00  0.545468E-01  0.500178E+00 -0.244932E+00  0.583659E+00  0.850413E+00 -0.102692E+01  0.818875E+00 -0.932573E-01  0.164211E+00 -0.153545E+01  0.507634E+00 -0.101634E-01 -0.233578E+00  0.916549E+00 -0.103530E+01  0.416181E+00 -0.536036E+00  0.203975E+00 -0.481243E+00  0.367497E+00 -0.487537E+00  0.209304E+00 -0.897752E-01 -0.674553E-01  0.398070E-01 -0.398558E+00  0.132135E+00 -0.146103E+00  0.180153E+00  0.272518E+00 -0.615799E+00  0.266944E+00 -0.191134E+00  0.233562E+00 -0.712141E+00 -0.624929E+00 -0.325311E-01  0.615325E+00 -0.594966E+00  0.391310E+00 -0.630624E+00 -0.687270E+00 -0.243991E+00 -0.697744E+00  0.333684E+00  0.953749E-01 -0.650861E+00 -0.861998E+00 -0.685368E+00 -0.651236E+00 -0.333241E+00 -0.313909E+00  0.302922E+00
  0.400000E+03  0.130000E-01  0.341120E+00  0.821389E+00  0.243851E+00  0.282364E+00  0.628679E+00 -0.202180E+00  0.506290E+00 -0.149048E+00  0.447443E+00  0.738404E+00 -0.937557E+00  0.710576E+00 -0.100738E+00  0.162950E+00 -0.121262E+01  0.299428E+00  0.935327E-02 -0.309718E+00  0.104896E+01 -0.117688E+01  0.336100E+00 -0.431289E+00  0.140206E+00 -0.367723E+00  0.488990E+00 -0.601703E+00  0.108544E+00 -0.594729E-01  0.627654E-02 -0.493974E-01 -0.245289E+00  0.821938E-01 -0.192504E+00  0.237687E+00  0.237193E+00 -0.540379E+00  0.455017E-01  0.391301E-01  0.295139E+00 -0.785448E+00 -0.637726E+00 -0.170635E-01  0.383322E+00 -0.311455E+00  0.315109E+00 -0.434060E+00 -0.871211E+00 -0.325306E+00 -0.702765E+00 -0.766232E-01 -0.241062E+00 -0.836681E+00 -0.862919E+00 -0.703465E+00 -0.502208E+00 -0.222028E+00 -0.467840E+00  0.569334E+00
  0.500000E+03  0.800000E-02  0.692900E+00  0.953564E+00  0.233026E+00  0.251085E+00  0.901080E+00  0.499139E-01  0.494644E+00 -0.239281E+00  0.577393E+00  0.844164E+00 -0.102316E+01  0.815832E+00 -0.903044E-01  0.163195E+00 -0.152931E+01  0.506160E+00 -0.871670E-02 -0.233404E+00  0.911860E+00 -0.102964E+01  0.415396E+00 -0.534422E+00  0.200993E+00 -0.475382E+00  0.365406E+00 -0.484086E+00  0.205287E+00 -0.876720E-01 -0.656490E-01  0.377692E-01 -0.394047E+00  0.130667E+00 -0.145352E+00  0.179096E+00  0.270212E+00 -0.610495E+00  0.262030E+00 -0.186386E+00  0.232850E+00 -0.709441E+00 -0.622964E+00 -0.318952E-01  0.608909E+00 -0.587040E+00  0.386086E+00 -0.622175E+00 -0.688116E+00 -0.244545E+00 -0.695722E+00  0.325097E+00  0.857117E-01 -0.648209E+00 -0.853922E+00 -0.682472E+00 -0.658086E+00 -0.328519E+00 -0.314425E+00  0.302573E+00
  0.500000E+03  0.130000E-01  0.426400E+00  0.829934E+00  0.241463E+00  0.278512E+00  0.633068E+00 -0.215023E+00  0.496182E+00 -0.143788E+00  0.450351E+00  0.712733E+00 -0.939027E+00  0.712198E+00 -0.845548E-01  0.152777E+00 -0.121968E+01  0.310448E+00  0.210205E-01 -0.313318E+00  0.102248E+01 -0.114660E+01  0.342371E+00 -0.437029E+00  0.138385E+00 -0.363310E+00  0.473244E+00 -0.583841E+00  0.915978E-01 -0.463990E-01  0.410222E-02 -0.458190E-01 -0.246816E+00  0.827089E-01 -0.187859E+00  0.231548E+00  0.228579E+00 -0.521661E+00  0.509482E-01  0.325729E-01  0.297595E+00 -0.784068E+00 -0.627055E+00 -0.178438E-01  0.378503E+00 -0.306165E+00  0.317408E+00 -0.432720E+00 -0.867801E+00 -0.326314E+00 -0.706096E+00 -0.715743E-01 -0.241613E+00 -0.840597E+00 -0.845066E+00 -0.694348E+00 -0.515621E+00 -0.207074E+00 -0.468106E+00  0.567609E+00
  0.650000E+03  0.850000E-02  0.847790E+00  0.919471E+00  0.237857E+00  0.248992E+00  0.850589E+00  0.176877E-01  0.491630E+00 -0.224379E+00  0.557855E+00  0.834410E+00 -0.100570E+01  0.796352E+00 -0.959469E-01  0.166489E+00 -0.148021E+01  0.474405E+00 -0.111470E-01 -0.239680E+00  0.936874E+00 -0.105668E+01  0.403033E+00 -0.518950E+00  0.193611E+00 -0.463317E+00  0.384833E+00 -0.501963E+00  0.211259E+00 -0.100777E+00 -0.509027E-01  0.189720E-01 -0.366151E+00  0.121406E+00 -0.151913E+00  0.187136E+00  0.272802E+00 -0.616431E+00  0.227837E+00 -0.150916E+00  0.234343E+00 -0.710832E+00 -0.629777E+00 -0.281749E-01  0.577053E+00 -0.547971E+00  0.369086E+00 -0.588113E+00 -0.714713E+00 -0.252002E+00 -0.694887E+00  0.266195E+00  0.323997E-01 -0.664328E+00 -0.851780E+00 -0.688880E+00 -0.643471E+00 -0.317868E+00 -0.333162E+00  0.330297E+00
  0.650000E+03  0.130000E-01  0.554320E+00  0.833126E+00  0.240972E+00  0.273008E+00  0.631478E+00 -0.224673E+00  0.485287E+00 -0.137276E+00  0.451782E+00  0.691797E+00 -0.938707E+00  0.712754E+00 -0.768363E-01  0.149424E+00 -0.122231E+01  0.317335E+00  0.298667E-01 -0.315755E+00  0.100380E+01 -0.112513E+01  0.346048E+00 -0.439903E+00  0.135234E+00 -0.356702E+00  0.459502E+00 -0.568001E+00  0.781351E-01 -0.362018E-01  0.367144E-02 -0.447146E-01 -0.246364E+00  0.825918E-01 -0.184294E+00  0.227067E+00  0.221342E+00 -0.505716E+00  0.515959E-01  0.311212E-01  0.298221E+00 -0.781487E+00 -0.619884E+00 -0.180842E-01  0.371689E+00 -0.298215E+00  0.317271E+00 -0.429351E+00 -0.864941E+00 -0.327864E+00 -0.710265E+00 -0.684951E-01 -0.246387E+00 -0.838984E+00 -0.827931E+00 -0.689291E+00 -0.528430E+00 -0.195140E+00 -0.466768E+00  0.562533E+00
  0.650000E+03  0.200000E-01  0.360310E+00  0.719961E+00  0.250095E+00  0.333679E+00  0.277256E+00 -0.377911E+00  0.470734E+00  0.106451E-01  0.240098E+00  0.545905E+00 -0.819204E+00  0.627693E+00 -0.128509E+00  0.201620E+00 -0.828234E+00  0.655616E-01  0.609058E-01 -0.393153E+00  0.110212E+01 -0.123594E+01  0.275306E+00 -0.343075E+00  0.431685E-01 -0.178011E+00  0.500268E+00 -0.595949E+00 -0.123897E+00  0.891034E-01  0.165227E-01 -0.529234E-01 -0.202639E+00  0.698652E-01 -0.213506E+00  0.264041E+00  0.852900E-01 -0.203992E+00 -0.215352E+00  0.307783E+00  0.317325E+00 -0.788868E+00 -0.606410E+00 -0.163807E-01  0.135477E+00 -0.440242E-02  0.237243E+00 -0.277503E+00 -0.901497E+00 -0.459260E+00 -0.701569E+00 -0.463453E+00 -0.564152E+00 -0.890486E+00 -0.800943E+00 -0.668981E+00 -0.403344E+00 -0.932184E-01 -0.513966E+00  0.684643E+00
  0.800000E+03  0.130000E-01  0.682240E+00  0.827211E+00  0.243112E+00  0.267699E+00  0.622849E+00 -0.226035E+00  0.478137E+00 -0.131976E+00  0.450349E+00  0.685995E+00 -0.936635E+00  0.712174E+00 -0.839121E-01  0.156678E+00 -0.121859E+01  0.316187E+00  0.311038E-01 -0.315586E+00  0.100338E+01 -0.112451E+01  0.344536E+00 -0.437732E+00  0.131453E+00 -0.349703E+00  0.454140E+00 -0.561497E+00  0.735444E-01 -0.330151E-01  0.557970E-02 -0.472624E-01 -0.243539E+00  0.816343E-01 -0.183856E+00  0.226658E+00  0.218971E+00 -0.500389E+00  0.460951E-01  0.364941E-01  0.296344E+00 -0.778684E+00 -0.620418E+00 -0.175879E-01  0.365023E+00 -0.290138E+00  0.313783E+00 -0.425017E+00 -0.863873E+00 -0.329878E+00 -0.714070E+00 -0.688185E-01 -0.254346E+00 -0.831152E+00 -0.818954E+00 -0.691818E+00 -0.535390E+00 -0.192334E+00 -0.463950E+00  0.554990E+00
  0.800000E+03  0.200000E-01  0.443460E+00  0.722942E+00  0.249004E+00  0.327500E+00  0.278608E+00 -0.385400E+00  0.461135E+00  0.141381E-01  0.248489E+00  0.523607E+00 -0.817236E+00  0.624770E+00 -0.124467E+00  0.200042E+00 -0.830010E+00  0.711009E-01  0.716097E-01 -0.396644E+00  0.108330E+01 -0.121428E+01  0.280262E+00 -0.347645E+00  0.429117E-01 -0.176475E+00  0.484598E+00 -0.578641E+00 -0.127561E+00  0.914940E-01  0.162006E-01 -0.519707E-01 -0.204478E+00  0.705646E-01 -0.208953E+00  0.258540E+00  0.790888E-01 -0.189897E+00 -0.213462E+00  0.305279E+00  0.315812E+00 -0.783458E+00 -0.599854E+00 -0.168960E-01  0.130448E+00  0.111163E-02  0.240327E+00 -0.277060E+00 -0.898414E+00 -0.457642E+00 -0.707752E+00 -0.457274E+00 -0.568030E+00 -0.885634E+00 -0.786057E+00 -0.666430E+00 -0.413553E+00 -0.831138E-01 -0.510711E+00  0.677355E+00
  0.100000E+04  0.200000E-01  0.554320E+00  0.721624E+00  0.249628E+00  0.319233E+00  0.276351E+00 -0.390607E+00  0.451594E+00  0.173384E-01  0.257698E+00  0.504361E+00 -0.815378E+00  0.621467E+00 -0.133381E+00  0.208342E+00 -0.829791E+00  0.734663E-01  0.800200E-01 -0.399739E+00  0.107305E+01 -0.120243E+01  0.282033E+00 -0.349009E+00  0.407004E-01 -0.172002E+00  0.469355E+00 -0.562162E+00 -0.132021E+00  0.944966E-01  0.176330E-01 -0.538306E-01 -0.204761E+00  0.706624E-01 -0.206045E+00  0.254992E+00  0.741513E-01 -0.178871E+00 -0.214730E+00  0.306011E+00  0.313505E+00 -0.778865E+00 -0.597171E+00 -0.172356E-01  0.122083E+00  0.103565E-01  0.242115E+00 -0.276793E+00 -0.897299E+00 -0.458070E+00 -0.718246E+00 -0.450347E+00 -0.575946E+00 -0.876539E+00 -0.771912E+00 -0.670384E+00 -0.423290E+00 -0.760100E-01 -0.505920E+00  0.665975E+00
  0.120000E+04  0.140000E-01  0.950270E+00  0.776340E+00  0.254618E+00  0.262751E+00  0.538563E+00 -0.246670E+00  0.468538E+00 -0.102515E+00  0.413978E+00  0.678006E+00 -0.913213E+00  0.694453E+00 -0.143474E+00  0.205424E+00 -0.113854E+01  0.259194E+00  0.231206E-01 -0.322390E+00  0.105792E+01 -0.118578E+01  0.315558E+00 -0.403653E+00  0.105487E+00 -0.302577E+00  0.468768E+00 -0.574099E+00  0.434312E-01 -0.167243E-01  0.206884E-01 -0.673599E-01 -0.217572E+00  0.729729E-01 -0.195833E+00  0.241566E+00  0.205120E+00 -0.470084E+00 -0.200042E-01  0.104921E+00  0.295913E+00 -0.781989E+00 -0.636679E+00 -0.144380E-01  0.307273E+00 -0.219494E+00  0.287157E+00 -0.387412E+00 -0.881804E+00 -0.356207E+00 -0.726769E+00 -0.138729E+00 -0.331941E+00 -0.820172E+00 -0.810999E+00 -0.715513E+00 -0.517665E+00 -0.184970E+00 -0.469142E+00  0.561489E+00
  0.120000E+04  0.200000E-01  0.665190E+00  0.715389E+00  0.252065E+00  0.311000E+00  0.270919E+00 -0.391762E+00  0.444967E+00  0.192738E-01  0.265175E+00  0.494022E+00 -0.814382E+00  0.619001E+00 -0.154923E+00  0.225907E+00 -0.827469E+00  0.715645E-01  0.832087E-01 -0.401364E+00  0.107575E+01 -0.120543E+01  0.279591E+00 -0.346240E+00  0.367906E-01 -0.165247E+00  0.458850E+00 -0.551208E+00 -0.136813E+00  0.979704E-01  0.206027E-01 -0.582753E-01 -0.203284E+00  0.700733E-01 -0.205876E+00  0.254763E+00  0.721038E-01 -0.174536E+00 -0.219024E+00  0.310049E+00  0.311013E+00 -0.776587E+00 -0.599702E+00 -0.173116E-01  0.112217E+00  0.213584E-01  0.241956E+00 -0.277013E+00 -0.898640E+00 -0.461015E+00 -0.730962E+00 -0.444102E+00 -0.585941E+00 -0.865371E+00 -0.762625E+00 -0.680766E+00 -0.429658E+00 -0.743727E-01 -0.500637E+00  0.652880E+00
  0.120000E+04  0.320000E-01  0.415740E+00  0.610153E+00  0.250446E+00  0.417473E+00 -0.206367E+00 -0.433636E+00  0.429351E+00  0.221462E+00 -0.615583E-01  0.250887E+00 -0.600249E+00  0.542748E+00 -0.184850E+00  0.271939E+00 -0.292557E+00 -0.249924E+00  0.104836E+00 -0.464861E+00  0.109688E+01 -0.124081E+01  0.275681E+00 -0.321400E+00 -0.157556E-01 -0.528993E-01  0.363142E+00 -0.427946E+00 -0.301441E+00  0.198470E+00 -0.383466E-01  0.325408E-01 -0.297238E+00  0.104198E+00 -0.195404E+00  0.241614E+00 -0.842998E-01  0.179535E+00 -0.432797E+00  0.530245E+00  0.170212E+00 -0.532043E+00 -0.542371E+00 -0.257528E-01 -0.950787E-01  0.285402E+00  0.109887E+00 -0.137274E+00 -0.711649E+00 -0.615420E+00 -0.672775E+00 -0.803998E+00 -0.850403E+00 -0.761102E+00 -0.683347E+00 -0.570393E+00 -0.359227E+00 -0.938367E-02 -0.410380E+00  0.550444E+00
  0.150000E+04  0.200000E-01  0.831490E+00  0.699470E+00  0.258076E+00  0.299739E+00  0.259290E+00 -0.387719E+00  0.440057E+00  0.203741E-01  0.272601E+00  0.491830E+00 -0.814053E+00  0.617217E+00 -0.203308E+00  0.264052E+00 -0.820561E+00  0.625599E-01  0.793378E-01 -0.400400E+00  0.109782E+01 -0.123049E+01  0.269967E+00 -0.336273E+00  0.288376E-01 -0.151932E+00  0.450662E+00 -0.543355E+00 -0.145354E+00  0.104794E+00  0.266896E-01 -0.676304E-01 -0.198692E+00  0.683613E-01 -0.209248E+00  0.258958E+00  0.733396E-01 -0.177570E+00 -0.228835E+00  0.320111E+00  0.307203E+00 -0.776319E+00 -0.610210E+00 -0.172832E-01  0.961095E-01  0.396904E-01  0.238850E+00 -0.278058E+00 -0.903302E+00 -0.469076E+00 -0.752044E+00 -0.435551E+00 -0.602006E+00 -0.847152E+00 -0.756330E+00 -0.704045E+00 -0.433808E+00 -0.796071E-01 -0.492065E+00  0.631132E+00
  0.150000E+04  0.320000E-01  0.519680E+00  0.606596E+00  0.249782E+00  0.407025E+00 -0.214157E+00 -0.437259E+00  0.425126E+00  0.216148E+00 -0.416908E-01  0.223650E+00 -0.594269E+00  0.529195E+00 -0.218678E+00  0.296251E+00 -0.285170E+00 -0.254799E+00  0.117779E+00 -0.471887E+00  0.108964E+01 -0.123243E+01  0.273488E+00 -0.319004E+00 -0.177757E-01 -0.494225E-01  0.341599E+00 -0.406902E+00 -0.299596E+00  0.195772E+00 -0.340130E-01  0.260352E-01 -0.297631E+00  0.104333E+00 -0.192723E+00  0.238195E+00 -0.883499E-01  0.188665E+00 -0.433891E+00  0.530662E+00  0.165494E+00 -0.525960E+00 -0.542087E+00 -0.269253E-01 -0.112307E+00  0.303066E+00  0.112901E+00 -0.137705E+00 -0.715447E+00 -0.614183E+00 -0.693007E+00 -0.797091E+00 -0.867361E+00 -0.745077E+00 -0.671380E+00 -0.585534E+00 -0.370586E+00 -0.396977E-02 -0.402877E+00  0.535704E+00
  0.200000E+04  0.320000E-01  0.692900E+00  0.593709E+00  0.251332E+00  0.390050E+00 -0.228659E+00 -0.440462E+00  0.425495E+00  0.203176E+00 -0.657660E-02  0.185528E+00 -0.589176E+00  0.508908E+00 -0.305272E+00  0.359340E+00 -0.271118E+00 -0.270200E+00  0.132593E+00 -0.483227E+00  0.110096E+01 -0.124535E+01  0.262117E+00 -0.307676E+00 -0.252768E-01 -0.373367E-01  0.309142E+00 -0.377042E+00 -0.307994E+00  0.201240E+00 -0.250305E-01  0.119480E-01 -0.297472E+00  0.104085E+00 -0.193509E+00  0.238921E+00 -0.928149E-01  0.198014E+00 -0.438202E+00  0.534517E+00  0.159349E+00 -0.523542E+00 -0.549934E+00 -0.298156E-01 -0.148019E+00  0.340560E+00  0.118877E+00 -0.144281E+00 -0.729443E+00 -0.621601E+00 -0.738953E+00 -0.783619E+00 -0.901444E+00 -0.718631E+00 -0.659901E+00 -0.626126E+00 -0.382800E+00 -0.243398E-02 -0.389099E+00  0.506376E+00
  0.200000E+04  0.500000E-01  0.443460E+00  0.509882E+00  0.233564E+00  0.499539E+00 -0.655187E+00 -0.334269E+00  0.405947E+00  0.388517E+00 -0.377410E+00 -0.394998E-01 -0.310686E+00  0.501286E+00 -0.220881E+00  0.307648E+00  0.263520E+00 -0.549964E+00  0.898200E-01 -0.472850E+00  0.101189E+01 -0.116588E+01  0.347592E+00 -0.378528E+00  0.200549E-01 -0.102263E+00  0.106346E+00 -0.127057E+00 -0.228348E+00  0.118866E+00 -0.113954E+00  0.147245E+00 -0.458581E+00  0.161016E+00 -0.133068E+00  0.164397E+00 -0.879535E-01  0.195637E+00 -0.414281E+00  0.503937E+00 -0.155407E+00 -0.794381E-02 -0.466176E+00 -0.206320E-01 -0.217343E+00  0.434996E+00 -0.115408E+00  0.448779E-01 -0.306558E+00 -0.621421E+00 -0.559272E+00 -0.920657E+00 -0.891549E+00 -0.497773E+00 -0.511404E+00 -0.398822E+00 -0.410554E+00 -0.162620E-01 -0.220933E+00  0.287647E+00
  0.300000E+04  0.500000E-01  0.665190E+00  0.489419E+00  0.223015E+00  0.491732E+00 -0.709460E+00 -0.337510E+00  0.449532E+00  0.331899E+00 -0.306476E+00 -0.137467E+00 -0.286735E+00  0.440534E+00 -0.418235E+00  0.441077E+00  0.331202E+00 -0.611626E+00  0.131161E+00 -0.508563E+00  0.102785E+01 -0.118450E+01  0.312416E+00 -0.343191E+00  0.122537E-01 -0.904418E-01  0.422520E-01 -0.727563E-01 -0.227386E+00  0.113678E+00 -0.101194E+00  0.126275E+00 -0.464939E+00  0.163111E+00 -0.137199E+00  0.169128E+00 -0.973842E-01  0.215968E+00 -0.410514E+00  0.499918E+00 -0.171418E+00  0.240581E-02 -0.477634E+00 -0.291119E-01 -0.305368E+00  0.525098E+00 -0.111634E+00  0.412657E-01 -0.333302E+00 -0.630061E+00 -0.647826E+00 -0.922659E+00 -0.966443E+00 -0.457630E+00 -0.514497E+00 -0.485283E+00 -0.440363E+00 -0.135906E-01 -0.198705E+00  0.252004E+00
  0.300000E+04  0.800000E-01  0.415740E+00  0.417054E+00  0.191174E+00  0.501234E+00 -0.833893E+00 -0.132679E+00  0.280501E+00  0.481439E+00 -0.604347E+00 -0.211810E+00 -0.467817E-01  0.565983E+00 -0.157760E+00  0.223796E+00  0.723124E+00 -0.736345E+00  0.132386E-01 -0.399362E+00  0.853172E+00 -0.101014E+01  0.398666E+00 -0.403335E+00  0.498311E-01 -0.130602E+00 -0.149411E+00  0.188400E+00  0.698189E-01 -0.125528E+00 -0.139320E+00  0.199068E+00 -0.528917E+00  0.186628E+00 -0.550380E-01  0.678422E-01  0.108806E+00 -0.240660E+00 -0.192301E+00  0.251497E+00 -0.413853E+00  0.438044E+00 -0.392925E+00  0.468903E-01 -0.233207E+00  0.426758E+00 -0.434126E+00  0.331416E+00  0.253405E+00 -0.329098E+00 -0.292923E+00 -0.696035E+00 -0.501530E+00 -0.226336E+00 -0.233104E+00 -0.118920E+00 -0.472974E+00 -0.474676E-01 -0.907737E-01  0.169925E+00
  0.500000E+04  0.800000E-01  0.692900E+00  0.379388E+00  0.149894E+00  0.566191E+00 -0.972584E+00 -0.125987E+00  0.451067E+00  0.339392E+00 -0.513522E+00 -0.409374E+00  0.142307E-01  0.468783E+00 -0.538740E+00  0.469523E+00  0.957282E+00 -0.934365E+00  0.893495E-01 -0.482100E+00  0.879047E+00 -0.104344E+01  0.296332E+00 -0.298048E+00  0.534776E-01 -0.142594E+00 -0.241524E+00  0.256646E+00  0.110048E+00 -0.169093E+00 -0.147898E+00  0.206071E+00 -0.555689E+00  0.195941E+00 -0.761231E-01  0.941063E-01  0.106532E+00 -0.237472E+00 -0.150280E+00  0.209797E+00 -0.444557E+00  0.460900E+00 -0.410424E+00  0.335694E-01 -0.414098E+00  0.612713E+00 -0.470480E+00  0.361502E+00  0.244421E+00 -0.323945E+00 -0.423295E+00 -0.749723E+00 -0.597457E+00 -0.207803E+00 -0.296339E+00 -0.282662E+00 -0.538699E+00 -0.454806E-01 -0.768159E-01  0.169454E+00
  0.500000E+04  0.130000E+00  0.426400E+00  0.324056E+00  0.102870E+00  0.304661E+00 -0.531157E+00  0.586138E-01 -0.825957E-01  0.400342E+00 -0.497196E+00 -0.242180E+00  0.746460E-01  0.539264E+00 -0.765971E-01  0.528546E-01  0.961112E+00 -0.751192E+00 -0.368567E-01 -0.302896E+00  0.703995E+00 -0.856170E+00  0.229657E+00 -0.208533E+00 -0.129069E+00  0.169905E+00 -0.253577E+00  0.335158E+00  0.271322E+00 -0.267805E+00 -0.589546E-01  0.104799E+00 -0.366633E+00  0.131247E+00 -0.324436E-01  0.424808E-01  0.281866E+00 -0.630418E+00 -0.566957E-01  0.642216E-01 -0.134109E+00  0.185881E+00 -0.314972E+00  0.192715E+00 -0.250390E+00  0.362250E+00 -0.574923E+00  0.523173E+00  0.681705E+00  0.156560E+00  0.305250E-01 -0.163444E+00  0.201252E+00 -0.418160E-01  0.137609E+00  0.224220E+00 -0.389215E+00  0.405111E-02 -0.148861E+00  0.259553E+00
  0.800000E+04  0.130000E+00  0.682240E+00  0.276829E+00  0.481732E-01  0.473458E+00 -0.652757E+00  0.798013E-01  0.145126E+00  0.261403E+00 -0.461042E+00 -0.427781E+00  0.145029E+00  0.510326E+00 -0.483687E+00  0.312760E+00  0.139794E+01 -0.110321E+01  0.393961E-01 -0.409829E+00  0.706313E+00 -0.866702E+00  0.410317E-01 -0.108209E-01 -0.104927E+00  0.113526E+00 -0.276992E+00  0.335554E+00  0.379149E+00 -0.368100E+00 -0.121939E+00  0.194595E+00 -0.403253E+00  0.144871E+00 -0.759918E-01  0.984818E-01  0.323540E+00 -0.723649E+00  0.250991E-01 -0.152780E-01 -0.762716E-01  0.110018E+00 -0.322963E+00  0.205813E+00 -0.450429E+00  0.576583E+00 -0.664886E+00  0.607536E+00  0.762040E+00  0.242129E+00 -0.418314E-01 -0.231182E+00  0.244876E+00 -0.112946E+00  0.236481E-01  0.319125E-01 -0.467835E+00  0.223238E-01 -0.206054E+00  0.382405E+00
  0.800000E+04  0.180000E+00  0.492730E+00  0.248141E+00 -0.602441E-02  0.117137E+00 -0.214899E+00  0.160240E+00 -0.389569E+00  0.211593E+00 -0.269261E+00 -0.235948E+00  0.160752E+00  0.230581E+00 -0.502594E-01 -0.746296E-01  0.111805E+01 -0.766495E+00 -0.414036E-01 -0.260604E+00  0.647011E+00 -0.798139E+00 -0.592076E-01  0.596122E-01 -0.306792E+00  0.364927E+00 -0.237137E+00  0.315037E+00  0.217505E+00 -0.202731E+00 -0.346558E-02  0.350649E-01 -0.202869E+00  0.746003E-01 -0.667088E-01  0.886645E-01  0.269083E+00 -0.600608E+00 -0.979631E-01  0.667253E-01  0.395161E+00 -0.347671E+00 -0.199125E+00  0.300868E+00 -0.302573E+00  0.341145E+00 -0.392761E+00  0.432689E+00  0.747791E+00  0.403340E+00  0.211924E+00  0.157952E+00  0.560510E+00  0.938405E-01  0.364079E+00  0.460162E+00 -0.281162E+00  0.694647E-01 -0.272844E+00  0.261007E+00
  0.800000E+04  0.250000E+00  0.354770E+00  0.203038E+00 -0.155857E+00 -0.146559E+00 -0.601824E-01  0.228521E+00 -0.716318E+00 -0.568802E-01 -0.106640E+00 -0.165947E+00  0.273805E+00 -0.314376E+00  0.317312E+00 -0.441369E+00  0.809719E+00 -0.396244E+00 -0.140604E+00 -0.116155E+00  0.666880E+00 -0.818639E+00 -0.228474E+00  0.168703E+00 -0.336977E+00  0.279087E+00 -0.356054E+00  0.414545E+00  0.118738E-02 -0.409234E-02  0.820176E-01 -0.949370E-01 -0.984365E-01  0.366269E-01 -0.552372E-01  0.745154E-01  0.137023E+00 -0.306060E+00 -0.190550E+00  0.117458E+00  0.651231E+00 -0.484064E+00 -0.340707E-01  0.317803E+00 -0.238982E+00  0.171964E+00 -0.225264E-01  0.171428E+00  0.526374E+00  0.358071E+00  0.331018E+00  0.328190E+00  0.460133E+00  0.414603E+00  0.650554E+00  0.844445E+00 -0.182280E+00  0.491646E-01 -0.247427E+00  0.473150E-02
  0.120000E+05  0.180000E+00  0.739100E+00  0.198066E+00 -0.408103E-01  0.332606E+00 -0.257643E+00  0.198840E+00 -0.233546E+00  0.157397E+00 -0.264154E+00 -0.354689E+00  0.226752E+00  0.256597E+00 -0.455038E+00  0.194141E+00  0.174224E+01 -0.126195E+01  0.400140E-01 -0.388705E+00  0.613898E+00 -0.771943E+00 -0.332648E+00  0.340863E+00 -0.288164E+00  0.285290E+00 -0.154729E+00  0.217807E+00  0.351956E+00 -0.322484E+00 -0.106869E+00  0.192060E+00 -0.238163E+00  0.886689E-01 -0.128722E+00  0.169560E+00  0.346451E+00 -0.769999E+00 -0.192872E-01 -0.744840E-02  0.667166E+00 -0.653616E+00 -0.182920E+00  0.361092E+00 -0.487421E+00  0.557942E+00 -0.448181E+00  0.505792E+00  0.891421E+00  0.574599E+00  0.206497E+00  0.106539E+00  0.743682E+00 -0.222200E-01  0.233970E+00  0.244656E+00 -0.356049E+00  0.112800E+00 -0.417939E+00  0.442795E+00
  0.120000E+05  0.250000E+00  0.532150E+00  0.171227E+00 -0.157156E+00 -0.646833E-01 -0.507565E-01  0.273542E+00 -0.739021E+00 -0.100104E-01 -0.102980E+00 -0.173948E+00  0.339570E+00 -0.341062E+00  0.124124E+00 -0.306500E+00  0.121156E+01 -0.693872E+00 -0.100615E+00 -0.179524E+00  0.623289E+00 -0.775605E+00 -0.393045E+00  0.331527E+00 -0.326604E+00  0.210193E+00 -0.258708E+00  0.315542E+00  0.534921E-01 -0.484071E-01  0.176636E-01  0.820277E-02 -0.101442E+00  0.391365E-01 -0.942729E-01  0.126347E+00  0.178899E+00 -0.395012E+00 -0.173655E+00  0.102738E+00  0.930520E+00 -0.760967E+00  0.203323E-01  0.374763E+00 -0.302389E+00  0.258231E+00  0.495929E-01  0.138699E+00  0.605555E+00  0.465534E+00  0.373692E+00  0.311245E+00  0.570731E+00  0.416324E+00  0.594494E+00  0.743224E+00 -0.231355E+00  0.734344E-01 -0.341366E+00  0.319657E-01
  0.200000E+05  0.250000E+00  0.886920E+00  0.112322E+00 -0.123648E+00  0.207435E+00 -0.301632E-01  0.412430E+00 -0.809069E+00  0.149033E+00 -0.927268E-01 -0.206001E+00  0.492340E+00 -0.362115E+00 -0.438668E+00  0.931100E-01  0.243421E+01 -0.163093E+01  0.415991E-01 -0.394994E+00  0.490801E+00 -0.645064E+00 -0.874161E+00  0.800105E+00 -0.322035E+00  0.266810E-01  0.537388E-01  0.114724E-02  0.210235E+00 -0.181627E+00 -0.180563E+00  0.324877E+00 -0.135037E+00  0.547637E-01 -0.210386E+00  0.280237E+00  0.312092E+00 -0.677881E+00 -0.116730E+00  0.555274E-01  0.183326E+01 -0.167150E+01  0.148067E+00  0.566964E+00 -0.481444E+00  0.526577E+00  0.244668E+00  0.605615E-01  0.859682E+00  0.796679E+00  0.491813E+00  0.238257E+00  0.911228E+00  0.394977E+00  0.409070E+00  0.431080E+00 -0.363232E+00  0.143760E+00 -0.652532E+00  0.112850E+00
  0.200000E+05  0.400000E+00  0.554320E+00  0.712684E-01 -0.456974E+00 -0.534302E-01 -0.207439E+00  0.392341E+00 -0.137178E+01 -0.190740E+00 -0.302512E+00 -0.892266E-02  0.506418E+00 -0.794395E+00  0.527478E+00 -0.751291E+00  0.888645E+00 -0.111544E+00 -0.391827E+00  0.808553E-01  0.668332E+00 -0.812315E+00 -0.114553E+01  0.107264E+01  0.297149E+00 -0.854771E+00 -0.671584E+00  0.706814E+00 -0.112279E-01  0.138023E-01 -0.289513E-01  0.729664E-01 -0.121322E+00  0.441324E-01 -0.580521E-01  0.806431E-01  0.963817E-01 -0.216283E+00 -0.165699E+00  0.448362E-01  0.111477E+01 -0.584058E+00  0.427786E+00  0.369881E+00 -0.299905E+00  0.137094E+00  0.586679E+00 -0.148852E+00  0.407472E+00  0.280800E+00  0.452766E+00  0.416633E+00  0.109608E+00  0.110286E+01  0.100655E+01  0.100291E+01 -0.254151E+00 -0.577388E-01 -0.894944E-01 -0.396741E+00
  0.300000E+05  0.400000E+00  0.831490E+00  0.447966E-01 -0.334114E+00  0.126832E-01 -0.378497E+00  0.685184E+00 -0.172358E+01  0.138577E+00 -0.250959E+00  0.372684E-01  0.787487E+00 -0.974924E+00  0.201954E+00 -0.501273E+00  0.194089E+01 -0.805026E+00 -0.296090E+00 -0.570723E-01  0.478067E+00 -0.604341E+00 -0.130319E+01  0.121147E+01  0.430570E+00 -0.122937E+01 -0.408678E+00  0.466181E+00  0.559900E-02  0.755258E-02 -0.214037E+00  0.386795E+00 -0.157276E+00  0.620288E-01 -0.144312E+00  0.198834E+00  0.175201E+00 -0.369096E+00 -0.141555E+00  0.318253E-01  0.221248E+01 -0.147036E+01  0.746597E+00  0.615058E+00 -0.296572E+00  0.249078E+00  0.119957E+01 -0.499997E+00  0.705903E+00  0.417847E+00  0.596508E+00  0.297273E+00  0.572423E-01  0.166798E+01  0.878347E+00  0.867700E+00 -0.415656E+00 -0.141688E+00 -0.167264E-01 -0.916557E+00
