* Theory file for HERA1+2 CCep
&Data 
   Name = "Theory for HERA1+2 CCep"
   NData =    39
   NColumn =    60
   ColumnType = 3*"Bin","Theory", 56*"Error"
   ColumnName = "Q2","x","y","theory","PDF_nuisance_param_01+","PDF_nuisance_param_01-","PDF_nuisance_param_02+","PDF_nuisance_param_02-","PDF_nuisance_param_03+","PDF_nuisance_param_03-","PDF_nuisance_param_04+","PDF_nuisance_param_04-","PDF_nuisance_param_05+","PDF_nuisance_param_05-","PDF_nuisance_param_06+","PDF_nuisance_param_06-","PDF_nuisance_param_07+","PDF_nuisance_param_07-","PDF_nuisance_param_08+","PDF_nuisance_param_08-","PDF_nuisance_param_09+","PDF_nuisance_param_09-","PDF_nuisance_param_10+","PDF_nuisance_param_10-","PDF_nuisance_param_11+","PDF_nuisance_param_11-","PDF_nuisance_param_12+","PDF_nuisance_param_12-","PDF_nuisance_param_13+","PDF_nuisance_param_13-","PDF_nuisance_param_14+","PDF_nuisance_param_14-","PDF_nuisance_param_15+","PDF_nuisance_param_15-","PDF_nuisance_param_16+","PDF_nuisance_param_16-","PDF_nuisance_param_17+","PDF_nuisance_param_17-","PDF_nuisance_param_18+","PDF_nuisance_param_18-","PDF_nuisance_param_19+","PDF_nuisance_param_19-","PDF_nuisance_param_20+","PDF_nuisance_param_20-","PDF_nuisance_param_21+","PDF_nuisance_param_21-","PDF_nuisance_param_22+","PDF_nuisance_param_22-","PDF_nuisance_param_23+","PDF_nuisance_param_23-","PDF_nuisance_param_24+","PDF_nuisance_param_24-","PDF_nuisance_param_25+","PDF_nuisance_param_25-","PDF_nuisance_param_26+","PDF_nuisance_param_26-","PDF_nuisance_param_27+","PDF_nuisance_param_27-","PDF_nuisance_param_28+","PDF_nuisance_param_28-"
   Percent =  56*True
&End 
  0.300000E+03  0.800000E-02  0.370550E+00  0.106347E+01  0.349747E+00  0.136171E+00  0.986482E+00  0.798724E-01  0.460058E+00 -0.197986E+00  0.660878E+00  0.902375E+00 -0.112963E+01  0.957689E+00 -0.196716E+00  0.315811E+00 -0.148796E+01  0.389401E+00 -0.622597E+00  0.377849E+00  0.106639E+01 -0.120268E+01  0.386503E+00 -0.501517E+00  0.116342E+00 -0.321895E+00  0.425998E+00 -0.544401E+00  0.228812E+00 -0.965854E-01 -0.123033E+00  0.949930E-01 -0.327975E+00  0.106596E+00 -0.148835E+00  0.182006E+00  0.274987E+00 -0.626467E+00  0.293589E+00 -0.215832E+00  0.186926E+00 -0.705656E+00 -0.717636E+00 -0.914288E-01  0.578760E+00 -0.545197E+00  0.380035E+00 -0.656505E+00 -0.785698E+00 -0.219504E+00 -0.804715E+00  0.375901E+00  0.107879E+00 -0.653641E+00 -0.832338E+00 -0.721795E+00 -0.734108E+00 -0.398761E+00  0.994631E-01 -0.369273E+00
  0.300000E+03  0.130000E-01  0.228030E+00  0.636103E+00  0.515125E+00  0.728821E-01  0.787722E+00 -0.260380E+00  0.574242E+00 -0.233015E+00  0.570896E+00  0.762715E+00 -0.970032E+00  0.677235E+00 -0.517647E+00  0.558865E+00 -0.991461E+00  0.111174E-01 -0.112779E+01  0.843724E+00  0.121497E+01 -0.136261E+01  0.210539E+00 -0.291825E+00 -0.266308E-01 -0.581979E-01  0.579519E+00 -0.691564E+00  0.617933E-01 -0.141021E-01 -0.118789E+00  0.913697E-01 -0.700887E-01  0.204767E-01 -0.103600E+00  0.121302E+00  0.236931E+00 -0.546700E+00  0.780782E-01  0.114927E-01  0.240154E+00 -0.799829E+00 -0.709131E+00 -0.176161E+00  0.268232E+00 -0.136860E+00  0.215455E+00 -0.392280E+00 -0.110918E+01 -0.232218E+00 -0.865800E+00 -0.755268E-01 -0.233718E+00 -0.928454E+00 -0.878775E+00 -0.821156E+00 -0.605571E+00 -0.279322E+00  0.113054E+00 -0.519499E+00
  0.300000E+03  0.320000E-01  0.926380E-01  0.206704E+00  0.103305E+01  0.202910E+00  0.167136E+00 -0.657051E+00  0.859467E+00 -0.315932E+00  0.971895E-01  0.353044E+00 -0.412096E+00 -0.140139E+00 -0.131042E+01  0.118843E+01  0.148987E-01 -0.715367E+00 -0.141924E+01  0.101334E+01  0.144642E+01 -0.164442E+01 -0.621238E-02 -0.218730E-01 -0.233418E+00  0.348213E+00  0.446417E+00 -0.479182E+00 -0.406323E+00  0.290189E+00  0.694570E-01 -0.110831E+00 -0.517720E-01  0.178674E-01  0.103179E+00 -0.145784E+00 -0.553656E-01  0.107292E+00 -0.228200E+00  0.362924E+00  0.323430E+00 -0.906954E+00 -0.365541E+00 -0.471226E+00 -0.454071E-01  0.489544E+00 -0.228955E+00  0.554820E-02 -0.113589E+01 -0.562569E+00 -0.937002E+00 -0.799308E+00 -0.904382E+00 -0.959011E+00 -0.950702E+00 -0.946579E+00 -0.430885E+00 -0.897884E-01  0.681046E-01 -0.564411E+00
  0.300000E+03  0.800000E-01  0.370550E-01  0.564520E-01  0.149561E+01  0.234377E+00 -0.638846E+00 -0.366745E+00  0.122636E+01 -0.440345E+00  0.159817E+00 -0.110641E+01  0.407110E+00 -0.817966E+00 -0.167154E+01  0.132436E+01  0.551444E+00 -0.820764E+00 -0.127713E+01  0.704347E+00  0.138215E+01 -0.163464E+01 -0.122945E+00  0.150899E+00 -0.227780E+00  0.417912E+00 -0.117397E+00  0.301913E+00  0.303874E-01 -0.945869E-01 -0.285758E+00  0.463467E+00 -0.112000E+00  0.441648E-01 -0.484326E-01  0.541256E-01 -0.118722E+00  0.272121E+00  0.760855E+00 -0.610658E+00 -0.141808E+00 -0.882854E-01  0.209497E+00 -0.621407E+00  0.993812E-01  0.640082E+00 -0.114285E+01  0.689576E+00 -0.178863E+00 -0.328041E+00 -0.588878E+00 -0.435987E+00 -0.729959E+00 -0.189838E+00 -0.722873E+00 -0.994591E+00 -0.596518E+00 -0.195500E+00  0.244015E+00 -0.108417E+01
  0.300000E+03  0.130000E+00  0.228030E-01  0.262015E-01  0.937421E+00 -0.768552E-01 -0.376765E+00 -0.137426E+00  0.843871E+00 -0.233816E+00  0.362308E+00 -0.128207E+01  0.783206E+00 -0.967535E+00 -0.186953E+01  0.127934E+01  0.186236E+00 -0.148356E+00 -0.123833E+01  0.575507E+00  0.119976E+01 -0.145958E+01 -0.173097E+00  0.220448E+00 -0.170563E+00  0.326398E+00 -0.307991E+00  0.536283E+00  0.387661E+00 -0.369620E+00 -0.607446E+00  0.936758E+00  0.108368E+00 -0.309954E-01 -0.224770E+00  0.287967E+00  0.623993E-01 -0.127962E+00  0.105853E+01 -0.962112E+00  0.917871E-01 -0.238279E+00  0.588684E+00 -0.495051E+00 -0.208789E+00  0.786651E+00 -0.131384E+01  0.103190E+01  0.234101E+00  0.437043E+00 -0.427548E+00  0.546472E+00 -0.948775E-01  0.373947E+00 -0.241613E+00 -0.105106E+01 -0.582508E+00 -0.140342E+00  0.242192E+00 -0.682167E+00
  0.500000E+03  0.800000E-02  0.617590E+00  0.798883E+00  0.245900E+00  0.323703E+00  0.953873E+00  0.104659E+00  0.220848E+00 -0.648450E-01  0.473728E+00  0.114333E+01 -0.122384E+01  0.107014E+01  0.947260E-01  0.103963E+00 -0.176654E+01  0.622515E+00  0.385621E+00 -0.665098E+00  0.105525E+01 -0.119450E+01  0.559284E+00 -0.690126E+00  0.254298E+00 -0.585946E+00  0.218593E+00 -0.326306E+00  0.216438E+00 -0.847647E-01  0.450194E-01 -0.111929E+00 -0.445603E+00  0.147635E+00 -0.161063E+00  0.199642E+00  0.350241E+00 -0.785801E+00  0.145578E+00 -0.680699E-01  0.274004E+00 -0.791523E+00 -0.712532E+00  0.354386E-01  0.799810E+00 -0.788951E+00  0.474411E+00 -0.739295E+00 -0.688831E+00 -0.310480E+00 -0.748513E+00  0.416181E+00  0.773483E-01 -0.562658E+00 -0.771384E+00 -0.674043E+00 -0.652493E+00 -0.358917E+00 -0.662029E+00  0.678635E+00
  0.500000E+03  0.130000E-01  0.380050E+00  0.517969E+00  0.449041E+00  0.128309E+00  0.732450E+00 -0.242556E+00  0.437776E+00 -0.158400E+00  0.564668E+00  0.754521E+00 -0.103038E+01  0.747659E+00 -0.340746E+00  0.426609E+00 -0.118758E+01  0.184029E+00 -0.468839E+00  0.184561E+00  0.117448E+01 -0.131629E+01  0.307756E+00 -0.397067E+00  0.464783E-01 -0.199054E+00  0.446758E+00 -0.551058E+00  0.470273E-01 -0.347359E-02 -0.156712E-01 -0.362365E-01 -0.157593E+00  0.508559E-01 -0.157284E+00  0.190578E+00  0.244060E+00 -0.560609E+00  0.460928E-01  0.414004E-01  0.284958E+00 -0.833162E+00 -0.712271E+00 -0.837036E-01  0.348947E+00 -0.232613E+00  0.293980E+00 -0.448502E+00 -0.102450E+01 -0.311965E+00 -0.871636E+00 -0.193099E-01 -0.289176E+00 -0.832352E+00 -0.803018E+00 -0.803913E+00 -0.595785E+00 -0.246288E+00 -0.206593E+00  0.222169E-01
  0.500000E+03  0.320000E-01  0.154400E+00  0.183346E+00  0.979759E+00  0.186269E+00  0.984293E-01 -0.639293E+00  0.810660E+00 -0.288765E+00  0.166038E+00  0.233632E+00 -0.420893E+00 -0.119448E+00 -0.122632E+01  0.111509E+01 -0.486337E-01 -0.641769E+00 -0.112241E+01  0.738393E+00  0.138257E+01 -0.157004E+01  0.308945E-01 -0.606479E-01 -0.204946E+00  0.295056E+00  0.384519E+00 -0.416761E+00 -0.393686E+00  0.276312E+00  0.614072E-01 -0.986743E-01 -0.961681E-01  0.334297E-01  0.544215E-01 -0.823610E-01 -0.799256E-01  0.162385E+00 -0.235029E+00  0.365684E+00  0.299934E+00 -0.853203E+00 -0.389302E+00 -0.407617E+00 -0.647099E-01  0.492652E+00 -0.186935E+00 -0.489093E-02 -0.108477E+01 -0.578582E+00 -0.947680E+00 -0.781071E+00 -0.952300E+00 -0.885814E+00 -0.895983E+00 -0.936882E+00 -0.452864E+00 -0.672614E-01  0.136706E-01 -0.413010E+00
  0.500000E+03  0.800000E-01  0.617590E-01  0.513568E-01  0.142822E+01  0.219214E+00 -0.691234E+00 -0.347568E+00  0.120102E+01 -0.427360E+00  0.161205E+00 -0.112111E+01  0.435193E+00 -0.821801E+00 -0.164720E+01  0.129250E+01  0.558279E+00 -0.796791E+00 -0.115797E+01  0.604364E+00  0.132332E+01 -0.156645E+01 -0.117032E+00  0.144407E+00 -0.205758E+00  0.375327E+00 -0.125858E+00  0.304475E+00  0.740986E-01 -0.134113E+00 -0.288089E+00  0.465300E+00 -0.130073E+00  0.505699E-01 -0.548141E-01  0.629072E-01 -0.114494E+00  0.262366E+00  0.714028E+00 -0.569149E+00 -0.163640E+00 -0.442536E-01  0.187656E+00 -0.578089E+00  0.477468E-01  0.667719E+00 -0.114151E+01  0.720714E+00 -0.139707E+00 -0.297407E+00 -0.580791E+00 -0.436702E+00 -0.746308E+00 -0.138612E+00 -0.687820E+00 -0.982145E+00 -0.634097E+00 -0.178636E+00  0.237393E+00 -0.991381E+00
  0.500000E+03  0.130000E+00  0.380050E-01  0.238634E-01  0.860457E+00 -0.872731E-01 -0.408983E+00 -0.118569E+00  0.815819E+00 -0.220977E+00  0.348135E+00 -0.126168E+01  0.810276E+00 -0.957279E+00 -0.187042E+01  0.126877E+01  0.220959E+00 -0.141395E+00 -0.116548E+01  0.520159E+00  0.115710E+01 -0.140891E+01 -0.190099E+00  0.236775E+00 -0.163699E+00  0.309621E+00 -0.294006E+00  0.512488E+00  0.417918E+00 -0.396902E+00 -0.587134E+00  0.907555E+00  0.103890E+00 -0.288210E-01 -0.219215E+00  0.281695E+00  0.687362E-01 -0.141435E+00  0.990327E+00 -0.899544E+00  0.886679E-01 -0.217230E+00  0.572313E+00 -0.460467E+00 -0.270135E+00  0.818733E+00 -0.130429E+01  0.104450E+01  0.283627E+00  0.450300E+00 -0.412210E+00  0.553044E+00 -0.848416E-01  0.405853E+00 -0.213244E+00 -0.103480E+01 -0.614599E+00 -0.125579E+00  0.237041E+00 -0.634372E+00
  0.100000E+04  0.130000E-01  0.760110E+00  0.313857E+00  0.303157E+00  0.252864E+00  0.532811E+00 -0.119086E+00  0.124112E+00  0.240630E-01  0.549483E+00  0.843660E+00 -0.118237E+01  0.941679E+00 -0.158689E-01  0.184008E+00 -0.162175E+01  0.541646E+00  0.108620E+01 -0.140877E+01  0.123314E+01 -0.138219E+01  0.504357E+00 -0.614015E+00  0.216570E+00 -0.535241E+00  0.194279E+00 -0.289626E+00  0.826107E-01 -0.330654E-01  0.244204E+00 -0.365075E+00 -0.354764E+00  0.119214E+00 -0.333169E+00  0.418216E+00  0.299210E+00 -0.676480E+00 -0.830036E-01  0.169985E+00  0.363924E+00 -0.900422E+00 -0.807984E+00  0.163400E+00  0.537269E+00 -0.460969E+00  0.471833E+00 -0.587851E+00 -0.830180E+00 -0.515763E+00 -0.893237E+00  0.962966E-01 -0.453923E+00 -0.537697E+00 -0.676907E+00 -0.823118E+00 -0.527266E+00 -0.246844E+00 -0.945481E+00  0.129673E+01
  0.100000E+04  0.320000E-01  0.308790E+00  0.132678E+00  0.867238E+00  0.145427E+00 -0.866692E-01 -0.573689E+00  0.720440E+00 -0.233447E+00  0.307843E+00  0.256367E-01 -0.460010E+00 -0.507081E-01 -0.113253E+01  0.102414E+01 -0.174161E+00 -0.513448E+00 -0.457393E+00  0.970388E-01  0.134041E+01 -0.151786E+01  0.870154E-01 -0.122168E+00 -0.153235E+00  0.191158E+00  0.276674E+00 -0.316909E+00 -0.409536E+00  0.283304E+00  0.473113E-01 -0.820332E-01 -0.199439E+00  0.694997E-01 -0.847248E-01  0.964103E-01 -0.118620E+00  0.249823E+00 -0.293736E+00  0.417614E+00  0.243023E+00 -0.746229E+00 -0.503825E+00 -0.246827E+00 -0.138813E+00  0.530549E+00 -0.925198E-01 -0.410723E-01 -0.989177E+00 -0.654261E+00 -0.100614E+01 -0.753464E+00 -0.109088E+01 -0.710941E+00 -0.806788E+00 -0.960856E+00 -0.471997E+00 -0.526973E-01 -0.102459E+00 -0.604409E-01
  0.100000E+04  0.800000E-01  0.123520E+00  0.406224E-01  0.132424E+01  0.204657E+00 -0.786968E+00 -0.314343E+00  0.118977E+01 -0.421002E+00  0.165480E+00 -0.115865E+01  0.478603E+00 -0.824748E+00 -0.165000E+01  0.127331E+01  0.591120E+00 -0.786689E+00 -0.938497E+00  0.406557E+00  0.125957E+01 -0.149239E+01 -0.112905E+00  0.137385E+00 -0.163651E+00  0.291082E+00 -0.143131E+00  0.307674E+00  0.114581E+00 -0.173908E+00 -0.292331E+00  0.466801E+00 -0.198513E+00  0.741745E-01 -0.698227E-01  0.822959E-01 -0.986674E-01  0.225561E+00  0.637638E+00 -0.500674E+00 -0.218162E+00  0.469452E-01  0.119726E+00 -0.497035E+00 -0.556106E-01  0.734536E+00 -0.113869E+01  0.760360E+00 -0.710061E-01 -0.276709E+00 -0.600278E+00 -0.438206E+00 -0.786609E+00 -0.593421E-01 -0.647472E+00 -0.979814E+00 -0.684266E+00 -0.163283E+00  0.237714E+00 -0.826819E+00
  0.100000E+04  0.130000E+00  0.760110E-01  0.192133E-01  0.757874E+00 -0.894551E-01 -0.458219E+00 -0.905455E-01  0.791428E+00 -0.210811E+00  0.332801E+00 -0.125251E+01  0.846508E+00 -0.939691E+00 -0.188786E+01  0.126548E+01  0.291578E+00 -0.157440E+00 -0.104399E+01  0.419054E+00  0.110884E+01 -0.135308E+01 -0.226188E+00  0.270560E+00 -0.153567E+00  0.281570E+00 -0.271842E+00  0.474418E+00  0.452770E+00 -0.429946E+00 -0.559792E+00  0.865492E+00  0.679869E-01 -0.166866E-01 -0.210700E+00  0.270229E+00  0.872003E-01 -0.184533E+00  0.905130E+00 -0.822860E+00  0.770439E-01 -0.181312E+00  0.524137E+00 -0.401988E+00 -0.363955E+00  0.874380E+00 -0.129592E+01  0.106166E+01  0.357666E+00  0.464759E+00 -0.405155E+00  0.562046E+00 -0.691894E-01  0.443221E+00 -0.183993E+00 -0.102175E+01 -0.656190E+00 -0.109671E+00  0.226906E+00 -0.552087E+00
  0.100000E+04  0.250000E+00  0.395260E-01  0.542199E-02 -0.192915E+01 -0.977002E+00  0.120971E+00  0.205812E+00 -0.199187E+00  0.187502E+00  0.850577E+00 -0.750133E+00  0.131729E+01 -0.998937E+00 -0.289628E+01  0.169844E+01  0.129380E+00  0.105001E+01 -0.940613E+00  0.335049E+00  0.939958E+00 -0.119198E+01 -0.193235E+00  0.139386E+00 -0.774642E-01 -0.384225E-02 -0.461724E+00  0.317986E+00  0.271641E+00 -0.237388E+00 -0.434739E+00  0.629993E+00  0.254076E+00 -0.853210E-01 -0.183242E+00  0.250989E+00  0.130130E+00 -0.273361E+00  0.251209E+00 -0.363941E+00  0.102427E+01 -0.840745E+00  0.146294E+01 -0.249229E+00 -0.207321E+01  0.154383E+01  0.850461E+00 -0.316639E+00  0.445343E+00  0.797088E+00  0.415285E+00  0.121727E+01  0.570274E+00  0.947016E+00  0.598222E+00 -0.434284E+00 -0.591077E+00  0.302250E-01  0.219337E+00 -0.821894E+00
  0.150000E+04  0.320000E-01  0.463190E+00  0.957922E-01  0.753409E+00  0.100842E+00 -0.293375E+00 -0.491100E+00  0.638814E+00 -0.179870E+00  0.453586E+00 -0.159592E+00 -0.517259E+00  0.385778E-01 -0.109153E+01  0.973506E+00 -0.302424E+00 -0.397998E+00  0.245571E+00 -0.597042E+00  0.135847E+01 -0.153374E+01  0.131753E+00 -0.173432E+00 -0.104942E+00  0.890585E-01  0.180158E+00 -0.234601E+00 -0.459380E+00  0.319566E+00  0.337430E-01 -0.691632E-01 -0.314681E+00  0.109525E+00 -0.249589E+00  0.308054E+00 -0.149369E+00  0.319440E+00 -0.378686E+00  0.497725E+00  0.181803E+00 -0.643146E+00 -0.663596E+00 -0.660800E-01 -0.235399E+00  0.589467E+00  0.113156E-01 -0.919209E-01 -0.902404E+00 -0.761208E+00 -0.109423E+01 -0.728484E+00 -0.125454E+01 -0.524227E+00 -0.733320E+00 -0.101547E+01 -0.471463E+00 -0.593198E-01 -0.221303E+00  0.320776E+00
  0.150000E+04  0.800000E-01  0.185280E+00  0.323132E-01  0.124623E+01  0.201914E+00 -0.872005E+00 -0.286816E+00  0.120472E+01 -0.427033E+00  0.172595E+00 -0.120093E+01  0.510214E+00 -0.824667E+00 -0.168219E+01  0.128220E+01  0.631763E+00 -0.800370E+00 -0.739355E+00  0.218729E+00  0.123206E+01 -0.146000E+01 -0.111286E+00  0.132885E+00 -0.124240E+00  0.210350E+00 -0.160149E+00  0.310525E+00  0.124685E+00 -0.186803E+00 -0.296228E+00  0.467742E+00 -0.285512E+00  0.104323E+00 -0.845705E-01  0.101471E+00 -0.790188E-01  0.180761E+00  0.578059E+00 -0.446034E+00 -0.275628E+00  0.134158E+00  0.393613E-01 -0.423163E+00 -0.152358E+00  0.805152E+00 -0.113404E+01  0.784219E+00 -0.152450E-01 -0.281159E+00 -0.642124E+00 -0.442899E+00 -0.832201E+00  0.166273E-05 -0.628270E+00 -0.991348E+00 -0.715968E+00 -0.159308E+00  0.245451E+00 -0.680968E+00
  0.150000E+04  0.130000E+00  0.114020E+00  0.156745E-01  0.696068E+00 -0.775997E-01 -0.497649E+00 -0.696630E-01  0.789745E+00 -0.209896E+00  0.326387E+00 -0.126208E+01  0.868575E+00 -0.923603E+00 -0.191057E+01  0.127252E+01  0.356882E+00 -0.188748E+00 -0.943959E+00  0.330445E+00  0.108615E+01 -0.132659E+01 -0.259617E+00  0.303162E+00 -0.145925E+00  0.258878E+00 -0.254671E+00  0.446438E+00  0.472002E+00 -0.448445E+00 -0.541207E+00  0.837902E+00  0.186797E-01  0.528770E-03 -0.202779E+00  0.260926E+00  0.108730E+00 -0.233110E+00  0.857626E+00 -0.779946E+00  0.650780E-01 -0.153189E+00  0.469680E+00 -0.352877E+00 -0.433122E+00  0.922346E+00 -0.129619E+01  0.107692E+01  0.411072E+00  0.473392E+00 -0.412116E+00  0.565897E+00 -0.593481E-01  0.462999E+00 -0.172806E+00 -0.102092E+01 -0.681306E+00 -0.101847E+00  0.218021E+00 -0.480865E+00
  0.150000E+04  0.250000E+00  0.592890E-01  0.448906E-02 -0.196369E+01 -0.984666E+00  0.103588E+00  0.227341E+00 -0.217820E+00  0.197340E+00  0.865565E+00 -0.767766E+00  0.133179E+01 -0.983087E+00 -0.290792E+01  0.170257E+01  0.233747E+00  0.994742E+00 -0.893083E+00  0.298646E+00  0.929203E+00 -0.117972E+01 -0.245821E+00  0.189097E+00 -0.962012E-01  0.130879E-01 -0.425004E+00  0.274272E+00  0.272450E+00 -0.238557E+00 -0.420793E+00  0.608870E+00  0.243237E+00 -0.814850E-01 -0.180495E+00  0.247472E+00  0.135759E+00 -0.286037E+00  0.227494E+00 -0.344298E+00  0.103432E+01 -0.829962E+00  0.142970E+01 -0.217318E+00 -0.209949E+01  0.155334E+01  0.906292E+00 -0.359448E+00  0.480631E+00  0.791075E+00  0.479968E+00  0.119203E+01  0.605531E+00  0.943269E+00  0.604684E+00 -0.416574E+00 -0.610242E+00  0.342333E-01  0.188068E+00 -0.829472E+00
  0.150000E+04  0.400000E+00  0.370550E-01  0.111677E-02 -0.421224E+01 -0.292603E+01 -0.311237E+00  0.497715E+00  0.758078E+00 -0.612658E+00  0.174361E+01 -0.121384E+01  0.128267E+01  0.559723E+00 -0.407816E+01  0.237373E+01  0.264339E+01  0.772045E+00 -0.451549E+00  0.510183E-01  0.100575E+01 -0.126966E+01 -0.164752E+00  0.836452E-01  0.307289E+00 -0.489339E+00 -0.272838E+00 -0.323899E+00 -0.129116E-01  0.824724E-02 -0.351398E+00  0.398720E+00  0.211976E-02 -0.263849E-02 -0.834366E-01  0.131383E+00 -0.210448E-01  0.627351E-01  0.140753E+00 -0.455111E+00  0.708515E+00  0.327304E+00  0.230580E+01 -0.161558E+00 -0.372039E+01  0.189355E+01  0.487736E+01 -0.313571E+01  0.157252E+01 -0.374777E+00  0.555423E+01 -0.165221E+01  0.188755E+01 -0.708617E+00  0.133141E+01  0.109172E+01 -0.956358E+00 -0.743434E-01  0.194403E+00 -0.155832E+01
  0.200000E+04  0.320000E-01  0.617590E+00  0.702797E-01  0.635081E+00  0.529738E-01 -0.515407E+00 -0.398226E+00  0.559803E+00 -0.126337E+00  0.608468E+00 -0.342461E+00 -0.587092E+00  0.141713E+00 -0.107680E+01  0.942358E+00 -0.437984E+00 -0.284437E+00  0.993316E+00 -0.134319E+01  0.140817E+01 -0.158522E+01  0.173025E+00 -0.222422E+00 -0.563883E-01 -0.167002E-01  0.848455E-01 -0.157328E+00 -0.531637E+00  0.374568E+00  0.193063E-01 -0.570788E-01 -0.442593E+00  0.153493E+00 -0.433441E+00  0.543513E+00 -0.177267E+00  0.382179E+00 -0.477787E+00  0.592189E+00  0.115848E+00 -0.538820E+00 -0.852435E+00  0.131013E+00 -0.346989E+00  0.660984E+00  0.125084E+00 -0.154259E+00 -0.817690E+00 -0.889312E+00 -0.120275E+01 -0.701588E+00 -0.143568E+01 -0.327035E+00 -0.666159E+00 -0.108788E+01 -0.460043E+00 -0.767205E-01 -0.345153E+00  0.730195E+00
  0.200000E+04  0.800000E-01  0.247040E+00  0.258409E-01  0.117474E+01  0.204721E+00 -0.958894E+00 -0.260446E+00  0.123255E+01 -0.439384E+00  0.181810E+00 -0.124931E+01  0.538076E+00 -0.823202E+00 -0.172887E+01  0.130348E+01  0.678161E+00 -0.825519E+00 -0.534069E+00  0.209790E-01  0.121821E+01 -0.144322E+01 -0.110298E+00  0.128671E+00 -0.829150E-01  0.125009E+00 -0.178578E+00  0.313640E+00  0.122166E+00 -0.189176E+00 -0.300530E+00  0.468799E+00 -0.388406E+00  0.139976E+00 -0.998921E-01  0.121329E+00 -0.564432E-01  0.129247E+00  0.522353E+00 -0.394427E+00 -0.338378E+00  0.225488E+00 -0.529808E-01 -0.347285E+00 -0.252920E+00  0.882579E+00 -0.112811E+01  0.802760E+00  0.374616E-01 -0.296778E+00 -0.697362E+00 -0.450736E+00 -0.884791E+00  0.540713E-01 -0.617637E+00 -0.101006E+01 -0.741862E+00 -0.159916E+00  0.256880E+00 -0.532203E+00
  0.200000E+04  0.130000E+00  0.152020E+00  0.129003E-01  0.648667E+00 -0.587956E-01 -0.536130E+00 -0.511461E-01  0.797405E+00 -0.213242E+00  0.322750E+00 -0.128045E+01  0.884980E+00 -0.906756E+00 -0.193642E+01  0.128354E+01  0.422142E+00 -0.228236E+00 -0.847640E+00  0.241981E+00  0.107266E+01 -0.131070E+01 -0.293497E+00  0.336138E+00 -0.139188E+00  0.237200E+00 -0.238845E+00  0.421330E+00  0.486297E+00 -0.462557E+00 -0.525669E+00  0.814827E+00 -0.394266E-01  0.209921E-01 -0.195175E+00  0.251404E+00  0.132103E+00 -0.286214E+00  0.823629E+00 -0.749019E+00  0.524691E-01 -0.127866E+00  0.409267E+00 -0.305615E+00 -0.495225E+00  0.970132E+00 -0.130129E+01  0.109342E+01  0.457880E+00  0.479888E+00 -0.426188E+00  0.566449E+00 -0.527434E-01  0.476182E+00 -0.168903E+00 -0.102563E+01 -0.701454E+00 -0.974196E-01  0.208462E+00 -0.410695E+00
  0.200000E+04  0.250000E+00  0.790510E-01  0.376908E-02 -0.198505E+01 -0.983820E+00  0.879812E-01  0.246027E+00 -0.236100E+00  0.208145E+00  0.878986E+00 -0.786203E+00  0.133893E+01 -0.967088E+00 -0.291654E+01  0.170553E+01  0.317661E+00  0.945938E+00 -0.852448E+00  0.265886E+00  0.922213E+00 -0.117197E+01 -0.294478E+00  0.234427E+00 -0.116152E+00  0.303329E-01 -0.392595E+00  0.237249E+00  0.273543E+00 -0.239723E+00 -0.411015E+00  0.594371E+00  0.230015E+00 -0.767637E-01 -0.178181E+00  0.244494E+00  0.141750E+00 -0.299387E+00  0.212313E+00 -0.331649E+00  0.105367E+01 -0.835396E+00  0.139480E+01 -0.187944E+00 -0.211909E+01  0.156399E+01  0.944738E+00 -0.387824E+00  0.506926E+00  0.791797E+00  0.524935E+00  0.117351E+01  0.632774E+00  0.941691E+00  0.607625E+00 -0.407561E+00 -0.623707E+00  0.370959E-01  0.156295E+00 -0.834259E+00
  0.300000E+04  0.320000E-01  0.926380E+00  0.432717E-01  0.458736E+00 -0.212371E-01 -0.859184E+00 -0.246661E+00  0.455228E+00 -0.513275E-01  0.852143E+00 -0.612088E+00 -0.708084E+00  0.313734E+00 -0.110899E+01  0.937378E+00 -0.644377E+00 -0.125969E+00  0.215497E+01 -0.251728E+01  0.153981E+01 -0.172723E+01  0.225914E+00 -0.288294E+00  0.149721E-01 -0.177133E+00 -0.546217E-01 -0.500633E-01 -0.683347E+00  0.494341E+00 -0.568459E-02 -0.369480E-01 -0.655581E+00  0.226427E+00 -0.733578E+00  0.927475E+00 -0.212083E+00  0.459934E+00 -0.639040E+00  0.747825E+00  0.101602E-01 -0.382040E+00 -0.117660E+01  0.444651E+00 -0.535414E+00  0.788999E+00  0.307608E+00 -0.268312E+00 -0.694990E+00 -0.111606E+01 -0.140090E+01 -0.651819E+00 -0.172490E+01 -0.238212E-01 -0.580350E+00 -0.122652E+01 -0.421118E+00 -0.121688E+00 -0.530222E+00  0.136925E+01
  0.300000E+04  0.800000E-01  0.370550E+00  0.167586E-01  0.102996E+01  0.221383E+00 -0.115305E+01 -0.205272E+00  0.131680E+01 -0.477601E+00  0.206154E+00 -0.136716E+01  0.591663E+00 -0.817569E+00 -0.185558E+01  0.137113E+01  0.789085E+00 -0.901102E+00 -0.728407E-01 -0.430362E+00  0.121131E+01 -0.143342E+01 -0.108891E+00  0.119178E+00  0.110710E-01 -0.707000E-01 -0.221668E+00  0.321230E+00  0.949604E-01 -0.176437E+00 -0.310844E+00  0.471422E+00 -0.642789E+00  0.228104E+00 -0.134240E+00  0.165507E+00 -0.188661E-02  0.446000E-02  0.407995E+00 -0.287503E+00 -0.484710E+00  0.431604E+00 -0.276970E+00 -0.177497E+00 -0.479710E+00  0.106424E+01 -0.111289E+01  0.834592E+00  0.146087E+00 -0.350155E+00 -0.842286E+00 -0.475017E+00 -0.101361E+01  0.162568E+00 -0.609857E+00 -0.106390E+01 -0.788626E+00 -0.169253E+00  0.287653E+00 -0.200094E+00
  0.300000E+04  0.130000E+00  0.228030E+00  0.890549E-02  0.571414E+00 -0.652730E-02 -0.618420E+00 -0.151692E-01  0.829454E+00 -0.227363E+00  0.319347E+00 -0.133473E+01  0.910186E+00 -0.868814E+00 -0.199613E+01  0.131320E+01  0.561799E+00 -0.326545E+00 -0.646249E+00  0.518672E-01  0.105815E+01 -0.129360E+01 -0.367022E+00  0.407655E+00 -0.126512E+00  0.192416E+00 -0.206945E+00  0.371788E+00  0.509395E+00 -0.486470E+00 -0.497626E+00  0.772675E+00 -0.178858E+00  0.699992E-01 -0.178917E+00  0.230459E+00  0.185286E+00 -0.407460E+00  0.772500E+00 -0.702351E+00  0.250703E-01 -0.788985E-01  0.268777E+00 -0.206788E+00 -0.617034E+00  0.107235E+01 -0.132172E+01  0.113226E+01  0.547353E+00  0.490980E+00 -0.468330E+00  0.561041E+00 -0.449025E-01  0.493344E+00 -0.173102E+00 -0.104526E+01 -0.736860E+00 -0.932962E-01  0.186188E+00 -0.261006E+00
  0.300000E+04  0.250000E+00  0.118580E+00  0.273196E-02 -0.200923E+01 -0.968451E+00  0.579532E-01  0.280599E+00 -0.273998E+00  0.232436E+00  0.904058E+00 -0.825680E+00  0.134235E+01 -0.933266E+00 -0.292941E+01  0.170949E+01  0.460781E+00  0.854126E+00 -0.777964E+00  0.202984E+00  0.913021E+00 -0.116239E+01 -0.390226E+00  0.322313E+00 -0.159857E+00  0.667161E-01 -0.331381E+00  0.170066E+00  0.276506E+00 -0.242594E+00 -0.396931E+00  0.574034E+00  0.199034E+00 -0.656306E-01 -0.173957E+00  0.239030E+00  0.154726E+00 -0.328296E+00  0.192953E+00 -0.315211E+00  0.110834E+01 -0.871803E+00  0.131890E+01 -0.130359E+00 -0.214991E+01  0.158812E+01  0.996846E+00 -0.423847E+00  0.548836E+00  0.803347E+00  0.586989E+00  0.114629E+01  0.677342E+00  0.941750E+00  0.608087E+00 -0.402463E+00 -0.643103E+00  0.413411E-01  0.889411E-01 -0.840381E+00
  0.300000E+04  0.400000E+00  0.741110E-01  0.690554E-03 -0.418783E+01 -0.300826E+01 -0.353087E+00  0.547303E+00  0.740890E+00 -0.595117E+00  0.178865E+01 -0.125960E+01  0.131047E+01  0.601709E+00 -0.410468E+01  0.239282E+01  0.291587E+01  0.627441E+00 -0.390099E+00  0.639668E-02  0.995901E+00 -0.125796E+01 -0.257271E+00  0.170513E+00  0.276570E+00 -0.472345E+00 -0.184474E+00 -0.411884E+00 -0.243005E-01  0.186352E-01 -0.356522E+00  0.408891E+00 -0.155963E-01  0.466634E-02 -0.865938E-01  0.137557E+00 -0.184938E-01  0.604285E-01  0.151055E+00 -0.467068E+00  0.756972E+00  0.329483E+00  0.224828E+01 -0.108983E+00 -0.370895E+01  0.187482E+01  0.505396E+01 -0.325328E+01  0.163987E+01 -0.388001E+00  0.582089E+01 -0.179127E+01  0.195516E+01 -0.713402E+00  0.136134E+01  0.110692E+01 -0.100188E+01 -0.768728E-01  0.153659E+00 -0.158403E+01
  0.500000E+04  0.800000E-01  0.617590E+00  0.748134E-02  0.690801E+00  0.290689E+00 -0.165611E+01 -0.724345E-01  0.158623E+01 -0.600744E+00  0.279599E+00 -0.169802E+01  0.708038E+00 -0.797490E+00 -0.223196E+01  0.158992E+01  0.108963E+01 -0.114127E+01  0.112609E+01 -0.162021E+01  0.124678E+01 -0.147055E+01 -0.106367E+00  0.926579E-01  0.257677E+00 -0.589702E+00 -0.338208E+00  0.343445E+00 -0.225255E-01 -0.104600E+00 -0.340033E+00  0.479790E+00 -0.135982E+01  0.476159E+00 -0.222559E+00  0.277442E+00  0.149014E+00 -0.342290E+00  0.139694E+00 -0.344514E-01 -0.874414E+00  0.964157E+00 -0.897717E+00  0.262174E+00 -0.107061E+01  0.155442E+01 -0.106925E+01  0.897264E+00  0.401966E+00 -0.527111E+00 -0.126657E+01 -0.557032E+00 -0.137511E+01  0.412875E+00 -0.627189E+00 -0.123142E+01 -0.884734E+00 -0.211220E+00  0.376433E+00  0.660775E+00
  0.500000E+04  0.130000E+00  0.380050E+00  0.446526E-02  0.433623E+00  0.151825E+00 -0.826836E+00  0.669351E-01  0.943870E+00 -0.277639E+00  0.319909E+00 -0.150395E+01  0.949307E+00 -0.768058E+00 -0.215252E+01  0.139909E+01  0.909397E+00 -0.602528E+00 -0.152214E+00 -0.425519E+00  0.105169E+01 -0.128691E+01 -0.553511E+00  0.588879E+00 -0.998544E-01  0.848242E-01 -0.130988E+00  0.256193E+00  0.552294E+00 -0.534616E+00 -0.439594E+00  0.683130E+00 -0.560464E+00  0.203197E+00 -0.137361E+00  0.176474E+00  0.324810E+00 -0.726289E+00  0.691415E+00 -0.628553E+00 -0.418292E-01  0.289362E-01 -0.109016E+00  0.359020E-01 -0.897046E+00  0.132752E+01 -0.139776E+01  0.124062E+01  0.747095E+00  0.514278E+00 -0.600455E+00  0.530411E+00 -0.412706E-01  0.511153E+00 -0.212435E+00 -0.111628E+01 -0.809131E+00 -0.942494E-01  0.124533E+00  0.113102E+00
  0.500000E+04  0.250000E+00  0.197630E+00  0.154186E-02 -0.202378E+01 -0.905174E+00 -0.625180E-02  0.351038E+00 -0.361220E+00  0.292291E+00  0.954563E+00 -0.917517E+00  0.132744E+01 -0.854774E+00 -0.294775E+01  0.171321E+01  0.724570E+00  0.663630E+00 -0.627024E+00  0.694157E-01  0.901688E+00 -0.115263E+01 -0.598796E+00  0.510590E+00 -0.264573E+00  0.150712E+00 -0.203207E+00  0.355015E-01  0.285167E+00 -0.250991E+00 -0.376955E+00  0.546455E+00  0.122139E+00 -0.377895E-01 -0.165351E+00  0.227908E+00  0.185188E+00 -0.396568E+00  0.171107E+00 -0.295342E+00  0.126202E+01 -0.100495E+01  0.113771E+01 -0.525311E-02 -0.220068E+01  0.164740E+01  0.105770E+01 -0.458425E+00  0.621136E+00  0.848986E+00  0.663003E+00  0.110901E+01  0.755210E+00  0.948896E+00  0.597320E+00 -0.418617E+00 -0.670567E+00  0.477296E-01 -0.680681E-01 -0.847858E+00
  0.500000E+04  0.400000E+00  0.123520E+00  0.406558E-03 -0.415982E+01 -0.304780E+01 -0.409323E+00  0.608403E+00  0.684534E+00 -0.551723E+00  0.183482E+01 -0.131200E+01  0.132654E+01  0.642928E+00 -0.412452E+01  0.240460E+01  0.315420E+01  0.489203E+00 -0.329123E+00 -0.447644E-01  0.981590E+00 -0.124500E+01 -0.362724E+00  0.257526E+00  0.228680E+00 -0.462582E+00 -0.970915E-01 -0.497909E+00 -0.347607E-01  0.281823E-01 -0.367141E+00  0.426424E+00 -0.401241E-01  0.133508E-01 -0.910982E-01  0.142680E+00 -0.158279E-01  0.547077E-01  0.158991E+00 -0.475989E+00  0.872881E+00  0.260695E+00  0.216126E+01 -0.411596E-01 -0.370122E+01  0.187431E+01  0.520163E+01 -0.334698E+01  0.170245E+01 -0.385449E+00  0.600440E+01 -0.189170E+01  0.199345E+01 -0.673891E+00  0.137536E+01  0.110529E+01 -0.103727E+01 -0.877684E-01  0.902617E-01 -0.164666E+01
  0.800000E+04  0.130000E+00  0.608090E+00  0.172460E-02  0.195216E+00  0.555651E+00 -0.131043E+01  0.244003E+00  0.125019E+01 -0.410315E+00  0.332318E+00 -0.193532E+01  0.100219E+01 -0.523134E+00 -0.251496E+01  0.160824E+01  0.169651E+01 -0.127119E+01  0.963759E+00 -0.151782E+01  0.107559E+01 -0.131702E+01 -0.984878E+00  0.100766E+01 -0.479829E-01 -0.151764E+00  0.393908E-01  0.294835E-02  0.635398E+00 -0.631899E+00 -0.321855E+00  0.502526E+00 -0.147578E+01  0.523424E+00 -0.409276E-01  0.506547E-01  0.651595E+00 -0.147312E+01  0.569935E+00 -0.516191E+00 -0.184505E+00  0.244719E+00 -0.100872E+01  0.585387E+00 -0.150299E+01  0.191295E+01 -0.161006E+01  0.151105E+01  0.117175E+01  0.565222E+00 -0.938827E+00  0.435474E+00 -0.550552E-01  0.517909E+00 -0.339603E+00 -0.130849E+01 -0.952647E+00 -0.110540E+00 -0.281822E-01  0.967518E+00
  0.800000E+04  0.250000E+00  0.316210E+00  0.725002E-03 -0.200359E+01 -0.743917E+00 -0.128249E+00  0.481012E+00 -0.537101E+00  0.417347E+00  0.104591E+01 -0.110110E+01  0.127046E+01 -0.697405E+00 -0.296925E+01  0.171330E+01  0.117082E+01  0.308403E+00 -0.350200E+00 -0.183938E+00  0.889265E+00 -0.114580E+01 -0.100147E+01  0.869438E+00 -0.478782E+00  0.318307E+00  0.373792E-01 -0.209194E+00  0.305478E+00 -0.270100E+00 -0.350882E+00  0.513468E+00 -0.367425E-01  0.195353E-01 -0.150060E+00  0.207536E+00  0.246550E+00 -0.533881E+00  0.152037E+00 -0.275000E+00  0.160246E+01 -0.132969E+01  0.767110E+00  0.236050E+00 -0.227728E+01  0.177017E+01  0.110446E+01 -0.467966E+00  0.738450E+00  0.962357E+00  0.729900E+00  0.106820E+01  0.880899E+00  0.973358E+00  0.561900E+00 -0.484585E+00 -0.704512E+00  0.566662E-01 -0.383631E+00 -0.856498E+00
  0.800000E+04  0.400000E+00  0.197630E+00  0.208483E-03 -0.411495E+01 -0.305097E+01 -0.505190E+00  0.711399E+00  0.556840E+00 -0.456272E+00  0.190212E+01 -0.139209E+01  0.134005E+01  0.696430E+00 -0.414411E+01  0.241398E+01  0.345810E+01  0.299057E+00 -0.239846E+00 -0.124135E+00  0.957016E+00 -0.122226E+01 -0.529479E+00  0.384806E+00  0.140601E+00 -0.454035E+00  0.274070E-01 -0.618669E+00 -0.490558E-01  0.410926E-01 -0.386655E+00  0.459454E+00 -0.813257E-01  0.289347E-01 -0.984018E-01  0.151670E+00 -0.100403E-01  0.423961E-01  0.167958E+00 -0.482984E+00  0.111713E+01  0.821543E-01  0.200367E+01  0.759345E-01 -0.369353E+01  0.189464E+01  0.537862E+01 -0.345318E+01  0.178533E+01 -0.362789E+00  0.616288E+01 -0.198429E+01  0.201147E+01 -0.561163E+00  0.137588E+01  0.108455E+01 -0.107684E+01 -0.111737E+00 -0.250246E-01 -0.177770E+01
  0.150000E+05  0.250000E+00  0.592890E+00  0.151841E-03 -0.177727E+01  0.104799E+00 -0.681170E+00  0.105916E+01 -0.136836E+01  0.101949E+01  0.144412E+01 -0.195421E+01  0.933639E+00  0.355881E-01 -0.302415E+01  0.169055E+01  0.303141E+01 -0.127868E+01  0.873966E+00 -0.132789E+01  0.853945E+00 -0.114196E+01 -0.284072E+01  0.249431E+01 -0.149192E+01  0.109642E+01  0.111945E+01 -0.128633E+01  0.410216E+00 -0.367407E+00 -0.265241E+00  0.416807E+00 -0.784967E+00  0.289977E+00 -0.840381E-01  0.118443E+00  0.531978E+00 -0.117323E+01  0.120922E+00 -0.223077E+00  0.328250E+01 -0.300185E+01 -0.984858E+00  0.134027E+01 -0.256657E+01  0.235357E+01  0.111535E+01 -0.349372E+00  0.121998E+01  0.154644E+01  0.801527E+00  0.979041E+00  0.138535E+01  0.112172E+01  0.358719E+00 -0.883691E+00 -0.807732E+00  0.875245E-01 -0.186005E+01 -0.890001E+00
  0.150000E+05  0.400000E+00  0.370550E+00  0.580086E-04 -0.396628E+01 -0.290942E+01 -0.843232E+00  0.107065E+01  0.300889E-01 -0.705629E-01  0.210904E+01 -0.165077E+01  0.136288E+01  0.833441E+00 -0.417901E+01  0.242044E+01  0.428415E+01 -0.264649E+00  0.373694E-01 -0.383788E+00  0.867266E+00 -0.113957E+01 -0.108304E+01  0.779995E+00 -0.181545E+00 -0.445088E+00  0.405289E+00 -0.980327E+00 -0.899437E-01  0.783878E-01 -0.456369E+00  0.579696E+00 -0.221580E+00  0.815155E-01 -0.121657E+00  0.180906E+00  0.145603E-01 -0.859891E-02  0.183028E+00 -0.486672E+00  0.207246E+01 -0.677082E+00  0.142889E+01  0.487527E+00 -0.367632E+01  0.201400E+01  0.582407E+01 -0.370195E+01  0.201684E+01 -0.238208E+00  0.634923E+01 -0.212064E+01  0.196070E+01 -0.516719E-01  0.132085E+01  0.972152E+00 -0.116897E+01 -0.209144E+00 -0.443909E+00 -0.229261E+01
  0.300000E+05  0.400000E+00  0.741110E+00  0.497594E-05 -0.285594E+01 -0.120846E+01 -0.348881E+01  0.387147E+01 -0.439180E+01  0.314243E+01  0.360564E+01 -0.356902E+01  0.148462E+01  0.164850E+01 -0.431462E+01  0.236572E+01  0.980300E+01 -0.425856E+01  0.205154E+01 -0.233227E+01  0.137880E+00 -0.475244E+00 -0.525808E+01  0.365410E+01 -0.273061E+01 -0.462768E+00  0.311247E+01 -0.355102E+01 -0.372327E+00  0.339512E+00 -0.998442E+00  0.152326E+01 -0.128535E+01  0.482308E+00 -0.299805E+00  0.404753E+00  0.222338E+00 -0.438961E+00  0.227673E+00 -0.428776E+00  0.987427E+01 -0.706641E+01 -0.313305E+01  0.369644E+01 -0.356999E+01  0.311476E+01  0.862910E+01 -0.517098E+01  0.358850E+01  0.905647E+00  0.633095E+01 -0.242294E+01  0.110248E+01  0.441786E+01  0.660609E+00 -0.439821E-01 -0.172161E+01 -0.102393E+01 -0.372819E+01 -0.652846E+01
