* Theory file for HERA1+2 CCem
&Data 
   Name = "Theory for HERA1+2 CCem"
   NData =    42
   NColumn =    60
   ColumnType = 3*"Bin","Theory", 56*"Error"
   ColumnName = "Q2","x","y","theory","PDF_nuisance_param_01+","PDF_nuisance_param_01-","PDF_nuisance_param_02+","PDF_nuisance_param_02-","PDF_nuisance_param_03+","PDF_nuisance_param_03-","PDF_nuisance_param_04+","PDF_nuisance_param_04-","PDF_nuisance_param_05+","PDF_nuisance_param_05-","PDF_nuisance_param_06+","PDF_nuisance_param_06-","PDF_nuisance_param_07+","PDF_nuisance_param_07-","PDF_nuisance_param_08+","PDF_nuisance_param_08-","PDF_nuisance_param_09+","PDF_nuisance_param_09-","PDF_nuisance_param_10+","PDF_nuisance_param_10-","PDF_nuisance_param_11+","PDF_nuisance_param_11-","PDF_nuisance_param_12+","PDF_nuisance_param_12-","PDF_nuisance_param_13+","PDF_nuisance_param_13-","PDF_nuisance_param_14+","PDF_nuisance_param_14-","PDF_nuisance_param_15+","PDF_nuisance_param_15-","PDF_nuisance_param_16+","PDF_nuisance_param_16-","PDF_nuisance_param_17+","PDF_nuisance_param_17-","PDF_nuisance_param_18+","PDF_nuisance_param_18-","PDF_nuisance_param_19+","PDF_nuisance_param_19-","PDF_nuisance_param_20+","PDF_nuisance_param_20-","PDF_nuisance_param_21+","PDF_nuisance_param_21-","PDF_nuisance_param_22+","PDF_nuisance_param_22-","PDF_nuisance_param_23+","PDF_nuisance_param_23-","PDF_nuisance_param_24+","PDF_nuisance_param_24-","PDF_nuisance_param_25+","PDF_nuisance_param_25-","PDF_nuisance_param_26+","PDF_nuisance_param_26-","PDF_nuisance_param_27+","PDF_nuisance_param_27-","PDF_nuisance_param_28+","PDF_nuisance_param_28-"
   Percent =  56*True
&End 
  0.300000E+03  0.800000E-02  0.370550E+00  0.120691E+01  0.276100E+00  0.135235E+00  0.889474E+00  0.544363E-01  0.764166E+00 -0.409272E+00  0.705918E+00  0.650315E+00 -0.859250E+00  0.601954E+00 -0.388965E+00  0.329946E+00 -0.134566E+01  0.389798E+00 -0.562816E+00  0.330501E+00  0.903999E+00 -0.101994E+01  0.255285E+00 -0.366376E+00  0.128808E+00 -0.335381E+00  0.542431E+00 -0.671587E+00  0.218111E+00 -0.100067E+00 -0.178075E+00  0.183563E+00 -0.333492E+00  0.109865E+00 -0.137073E+00  0.167815E+00  0.224276E+00 -0.511507E+00  0.385537E+00 -0.307156E+00  0.175729E+00 -0.639874E+00 -0.587842E+00 -0.115383E+00  0.449578E+00 -0.409037E+00  0.289769E+00 -0.536939E+00 -0.713370E+00 -0.181431E+00 -0.681546E+00  0.306378E+00  0.115799E+00 -0.683123E+00 -0.956815E+00 -0.757685E+00 -0.672150E+00 -0.367750E+00  0.113283E+00 -0.241455E+00
  0.300000E+03  0.130000E-01  0.228030E+00  0.730993E+00  0.275913E+00  0.166943E+00  0.723570E+00 -0.257070E+00  0.779584E+00 -0.272881E+00  0.471048E+00  0.650685E+00 -0.767095E+00  0.524503E+00 -0.465078E+00  0.398019E+00 -0.949996E+00  0.118039E+00 -0.108746E+01  0.792240E+00  0.105154E+01 -0.118123E+01  0.148556E+00 -0.232628E+00  0.122975E-01 -0.118441E+00  0.711292E+00 -0.832414E+00  0.885577E-01 -0.429235E-01 -0.182472E+00  0.191487E+00 -0.103119E+00  0.331286E-01 -0.808348E-01  0.935155E-01  0.202640E+00 -0.467297E+00  0.145745E+00 -0.589786E-01  0.220875E+00 -0.712692E+00 -0.563416E+00 -0.194620E+00  0.186595E+00 -0.949250E-01  0.173482E+00 -0.321396E+00 -0.999401E+00 -0.181844E+00 -0.688293E+00 -0.105179E+00 -0.141606E+00 -0.978408E+00 -0.958917E+00 -0.772735E+00 -0.545796E+00 -0.247656E+00  0.653714E-01 -0.342094E+00
  0.300000E+03  0.320000E-01  0.926380E-01  0.253270E+00  0.823465E-01  0.620457E+00  0.166003E+00 -0.569056E+00  0.527338E+00  0.282005E+00 -0.425352E+00  0.735812E+00 -0.575560E+00  0.612494E+00 -0.590453E+00  0.575187E+00  0.179759E-01 -0.503877E+00 -0.140630E+01  0.986789E+00  0.118755E+01 -0.135498E+01  0.130235E+00 -0.172095E+00 -0.139679E+00  0.194257E+00  0.500513E+00 -0.591214E+00 -0.242609E+00  0.161291E+00  0.166233E-01 -0.514835E-01 -0.288401E-01  0.107338E-01  0.128089E+00 -0.173516E+00  0.139150E-01 -0.426721E-01 -0.364865E+00  0.463734E+00  0.288170E+00 -0.764541E+00 -0.265757E+00 -0.407402E+00 -0.173823E+00  0.332388E+00  0.645460E-01 -0.187278E+00 -0.101256E+01 -0.415715E+00 -0.685142E+00 -0.796909E+00 -0.579762E+00 -0.112867E+01 -0.803500E+00 -0.645342E+00 -0.303761E+00 -0.164032E-01 -0.201012E+00 -0.317494E+00
  0.300000E+03  0.800000E-01  0.370550E-01  0.806424E-01 -0.989556E-01  0.916422E+00 -0.480876E+00 -0.254081E+00  0.424087E-01  0.800108E+00 -0.898526E+00  0.215287E+00 -0.472285E+00  0.121227E+01 -0.103205E+00  0.237598E+00  0.100289E+01 -0.101272E+01 -0.106664E+01  0.622295E+00  0.927544E+00 -0.110654E+01  0.415703E+00 -0.406365E+00 -0.147456E+00  0.282631E+00 -0.256287E+00  0.265585E+00  0.100662E+00 -0.131463E+00 -0.854689E-01  0.115915E+00  0.351889E-01 -0.988799E-02  0.118243E-01 -0.180361E-01  0.463551E-01 -0.959202E-01 -0.344069E-01  0.907855E-01 -0.818971E-01 -0.670215E-01  0.585798E-01 -0.363284E+00 -0.681951E-01  0.172338E+00 -0.947549E-01 -0.923363E-01 -0.114576E+00 -0.265836E+00 -0.108663E+00 -0.904537E+00 -0.180273E+00 -0.798214E+00 -0.321066E+00 -0.371775E-01 -0.250746E+00 -0.228787E-03 -0.344470E+00 -0.575540E+00
  0.300000E+03  0.130000E+00  0.228030E-01  0.429988E-01  0.558829E-02  0.521347E+00 -0.264547E+00 -0.736595E-01 -0.240020E+00  0.647264E+00 -0.768688E+00  0.189171E+00 -0.355084E+00  0.109378E+01  0.188439E+00 -0.585206E-01  0.114086E+01 -0.987784E+00 -0.762272E+00  0.374947E+00  0.697100E+00 -0.854910E+00  0.599333E+00 -0.563579E+00 -0.139787E+00  0.278817E+00 -0.503955E+00  0.576004E+00  0.221555E+00 -0.208748E+00 -0.170948E+00  0.252088E+00  0.175557E+00 -0.589126E-01 -0.128981E+00  0.166946E+00  0.148693E+00 -0.323198E+00  0.569043E-01 -0.466315E-01  0.460401E-01 -0.111963E+00  0.184969E+00 -0.164796E+00  0.615646E-01 -0.192718E-01 -0.154361E+00  0.840586E-01  0.348705E+00  0.109753E+00  0.330303E+00 -0.586998E+00  0.353808E+00 -0.564428E+00  0.596755E-01  0.448730E+00 -0.157690E+00  0.438703E-01 -0.306525E+00 -0.130193E+00
  0.500000E+03  0.130000E-01  0.380050E+00  0.624069E+00  0.186781E+00  0.287173E+00  0.661618E+00 -0.243881E+00  0.704214E+00 -0.226312E+00  0.388345E+00  0.658939E+00 -0.794533E+00  0.583856E+00 -0.202933E+00  0.186629E+00 -0.102902E+01  0.214190E+00 -0.518350E+00  0.224558E+00  0.957848E+00 -0.107592E+01  0.233037E+00 -0.321152E+00  0.910732E-01 -0.263670E+00  0.628598E+00 -0.747661E+00  0.821216E-01 -0.404191E-01 -0.109038E+00  0.105374E+00 -0.185890E+00  0.620793E-01 -0.121778E+00  0.146870E+00  0.202736E+00 -0.464608E+00  0.120000E+00 -0.368236E-01  0.261193E+00 -0.724709E+00 -0.534839E+00 -0.112814E+00  0.273191E+00 -0.204068E+00  0.225861E+00 -0.351313E+00 -0.880850E+00 -0.242070E+00 -0.617723E+00 -0.127808E+00 -0.138634E+00 -0.963080E+00 -0.935399E+00 -0.672953E+00 -0.506459E+00 -0.204730E+00 -0.235371E+00  0.201225E+00
  0.500000E+03  0.320000E-01  0.154400E+00  0.232235E+00  0.567360E-01  0.625098E+00  0.123673E+00 -0.549373E+00  0.477266E+00  0.318261E+00 -0.417150E+00  0.673664E+00 -0.584440E+00  0.652468E+00 -0.382358E+00  0.417988E+00 -0.297042E-01 -0.440120E+00 -0.116169E+01  0.760499E+00  0.110544E+01 -0.126081E+01  0.183054E+00 -0.225488E+00 -0.104672E+00  0.131810E+00  0.479078E+00 -0.563071E+00 -0.220630E+00  0.141355E+00 -0.224183E-02 -0.224870E-01 -0.707471E-01  0.252917E-01  0.882288E-01 -0.121916E+00 -0.189162E-02 -0.620819E-02 -0.363839E+00  0.458650E+00  0.268524E+00 -0.707552E+00 -0.274592E+00 -0.345042E+00 -0.130020E+00  0.276051E+00  0.847484E-01 -0.182136E+00 -0.928609E+00 -0.421023E+00 -0.620964E+00 -0.804678E+00 -0.565738E+00 -0.109903E+01 -0.764355E+00 -0.560750E+00 -0.309896E+00  0.428424E-02 -0.261733E+00 -0.149809E+00
  0.500000E+03  0.800000E-01  0.617590E-01  0.752624E-01 -0.943241E-01  0.872598E+00 -0.496590E+00 -0.239454E+00  0.676508E-02  0.803179E+00 -0.898062E+00  0.222811E+00 -0.449301E+00  0.118844E+01 -0.143418E-01  0.168026E+00  0.972051E+00 -0.970055E+00 -0.973966E+00  0.549034E+00  0.877029E+00 -0.104687E+01  0.436897E+00 -0.427605E+00 -0.131898E+00  0.253004E+00 -0.246483E+00  0.260870E+00  0.123562E+00 -0.151146E+00 -0.840578E-01  0.115359E+00  0.203992E-01 -0.463716E-02  0.880072E-02 -0.136434E-01  0.483857E-01 -0.100407E+00 -0.707802E-01  0.123857E+00 -0.948847E-01 -0.340536E-01  0.395439E-01 -0.322593E+00 -0.557969E-01  0.153758E+00 -0.107806E+00 -0.567849E-01 -0.709389E-01 -0.245807E+00 -0.721918E-01 -0.896454E+00 -0.177170E+00 -0.752644E+00 -0.283762E+00  0.114481E-01 -0.271200E+00  0.100563E-01 -0.340696E+00 -0.496020E+00
  0.500000E+03  0.130000E+00  0.380050E-01  0.400509E-01  0.117421E-01  0.484285E+00 -0.273208E+00 -0.632758E-01 -0.260802E+00  0.630786E+00 -0.767189E+00  0.200633E+00 -0.327151E+00  0.105208E+01  0.230379E+00 -0.949934E-01  0.111819E+01 -0.955928E+00 -0.710811E+00  0.339609E+00  0.671313E+00 -0.822790E+00  0.594160E+00 -0.558905E+00 -0.136752E+00  0.270511E+00 -0.489153E+00  0.563608E+00  0.228005E+00 -0.214258E+00 -0.151249E+00  0.225862E+00  0.167576E+00 -0.559299E-01 -0.122120E+00  0.159078E+00  0.147555E+00 -0.319791E+00  0.147193E-01 -0.694499E-02  0.391568E-01 -0.910572E-01  0.168812E+00 -0.138630E+00  0.620114E-01 -0.231287E-01 -0.173346E+00  0.111366E+00  0.380886E+00  0.110419E+00  0.338785E+00 -0.565015E+00  0.350025E+00 -0.521304E+00  0.877215E-01  0.477841E+00 -0.174115E+00  0.491127E-01 -0.291311E+00 -0.993666E-01
  0.100000E+04  0.130000E-01  0.760110E+00  0.428607E+00  0.163472E-01  0.532447E+00  0.482529E+00 -0.160041E+00  0.590862E+00 -0.144671E+00  0.205948E+00  0.745128E+00 -0.830397E+00  0.694683E+00  0.278308E+00 -0.213410E+00 -0.114802E+01  0.366661E+00  0.606258E+00 -0.926515E+00  0.864002E+00 -0.971825E+00  0.371285E+00 -0.467952E+00  0.250600E+00 -0.561131E+00  0.531533E+00 -0.652106E+00  0.122871E+00 -0.779522E-01  0.382059E-01 -0.692995E-01 -0.347932E+00  0.118733E+00 -0.235903E+00  0.295574E+00  0.225675E+00 -0.508518E+00  0.404628E-01  0.393052E-01  0.319867E+00 -0.730045E+00 -0.525086E+00  0.681978E-01  0.451523E+00 -0.428475E+00  0.307535E+00 -0.398689E+00 -0.629470E+00 -0.368423E+00 -0.448969E+00 -0.201717E+00 -0.139621E+00 -0.898936E+00 -0.944764E+00 -0.495329E+00 -0.386468E+00 -0.173811E+00 -0.822165E+00  0.129875E+01
  0.100000E+04  0.320000E-01  0.308790E+00  0.184391E+00  0.773500E-02  0.639796E+00  0.266248E-01 -0.487387E+00  0.394489E+00  0.396525E+00 -0.433693E+00  0.607365E+00 -0.606772E+00  0.750932E+00  0.317106E-01  0.104684E+00 -0.129362E+00 -0.315014E+00 -0.682252E+00  0.297423E+00  0.998519E+00 -0.113752E+01  0.275966E+00 -0.319251E+00 -0.361155E-01  0.634542E-02  0.484367E+00 -0.556755E+00 -0.199221E+00  0.123053E+00 -0.472028E-01  0.454884E-01 -0.160496E+00  0.570077E-01 -0.101545E-01  0.534820E-02 -0.200210E-01  0.369053E-01 -0.382946E+00  0.472198E+00  0.225223E+00 -0.593600E+00 -0.324957E+00 -0.204774E+00 -0.380415E-01  0.159487E+00  0.113404E+00 -0.169409E+00 -0.754664E+00 -0.450516E+00 -0.480528E+00 -0.826783E+00 -0.531110E+00 -0.104201E+01 -0.713124E+00 -0.394716E+00 -0.295586E+00  0.194719E-01 -0.384393E+00  0.213632E+00
  0.100000E+04  0.800000E-01  0.123520E+00  0.635566E-01 -0.860211E-01  0.800029E+00 -0.507804E+00 -0.214912E+00 -0.593331E-01  0.826078E+00 -0.910812E+00  0.256452E+00 -0.420253E+00  0.116783E+01  0.156566E+00  0.409615E-01  0.894112E+00 -0.881654E+00 -0.821307E+00  0.421422E+00  0.813138E+00 -0.970793E+00  0.480046E+00 -0.472624E+00 -0.103266E+00  0.196481E+00 -0.215851E+00  0.238591E+00  0.136314E+00 -0.161759E+00 -0.814704E-01  0.113118E+00 -0.258742E-01  0.113722E-01  0.519899E-02 -0.871639E-02  0.591702E-01 -0.124786E+00 -0.136046E+00  0.184346E+00 -0.123763E+00  0.290531E-01 -0.943666E-02 -0.247807E+00 -0.260787E-01  0.112989E+00 -0.122776E+00 -0.101617E-01  0.301089E-02 -0.230511E+00 -0.181874E-01 -0.868982E+00 -0.166640E+00 -0.681016E+00 -0.223590E+00  0.978680E-01 -0.288679E+00  0.185742E-01 -0.329967E+00 -0.359713E+00
  0.100000E+04  0.130000E+00  0.760110E-01  0.340404E-01  0.212526E-01  0.426849E+00 -0.278845E+00 -0.482750E-01 -0.303839E+00  0.619693E+00 -0.765434E+00  0.220622E+00 -0.294399E+00  0.100031E+01  0.312253E+00 -0.160690E+00  0.105940E+01 -0.892520E+00 -0.631224E+00  0.282232E+00  0.641622E+00 -0.786193E+00  0.592552E+00 -0.560101E+00 -0.135224E+00  0.261073E+00 -0.462860E+00  0.540251E+00  0.224332E+00 -0.211858E+00 -0.117871E+00  0.179264E+00  0.139338E+00 -0.464291E-01 -0.107613E+00  0.140001E+00  0.149362E+00 -0.325231E+00 -0.473755E-01  0.508930E-01  0.200547E-01 -0.507583E-01  0.128647E+00 -0.950785E-01  0.692005E-01 -0.370831E-01 -0.194019E+00  0.142036E+00  0.422633E+00  0.102720E+00  0.345561E+00 -0.524539E+00  0.341727E+00 -0.456123E+00  0.131943E+00  0.526203E+00 -0.190175E+00  0.518740E-01 -0.268382E+00 -0.581450E-01
  0.100000E+04  0.250000E+00  0.395260E-01  0.123864E-01  0.175043E+00 -0.168397E+00  0.141948E+00  0.394636E-01 -0.445018E+00 -0.253312E+00 -0.447328E+00  0.279184E+00  0.135315E+00 -0.301224E+00  0.691576E+00 -0.633072E+00  0.699219E+00 -0.494604E+00 -0.444683E+00  0.168508E+00  0.584644E+00 -0.712159E+00  0.425704E+00 -0.419107E+00 -0.135035E-01 -0.288037E-01 -0.646843E+00  0.746282E+00 -0.250767E-01  0.230941E-01  0.163645E-01  0.790349E-02  0.955421E-01 -0.330002E-01 -0.117597E+00  0.155685E+00  0.862439E-01 -0.187946E+00 -0.176450E+00  0.118915E+00  0.435658E+00 -0.343076E+00  0.428260E+00  0.537087E-01  0.158822E+00 -0.180357E+00 -0.136015E+00  0.219845E+00  0.459489E+00  0.205995E+00  0.350063E+00  0.545852E-01  0.401628E+00  0.110804E+00  0.608034E+00  0.109145E+01 -0.586068E-01  0.638028E-01  0.741985E-01  0.223185E+00
  0.150000E+04  0.320000E-01  0.463190E+00  0.147562E+00 -0.327716E-01  0.655582E+00 -0.581764E-01 -0.423347E+00  0.331252E+00  0.468850E+00 -0.464803E+00  0.581926E+00 -0.630526E+00  0.849574E+00  0.391771E+00 -0.166684E+00 -0.223186E+00 -0.205168E+00 -0.274183E+00 -0.107732E+00  0.937937E+00 -0.106658E+01  0.351213E+00 -0.395701E+00  0.234063E-01 -0.102779E+00  0.514846E+00 -0.578124E+00 -0.196739E+00  0.121965E+00 -0.909161E-01  0.110414E+00 -0.243587E+00  0.861756E-01 -0.104987E+00  0.127898E+00 -0.272822E-01  0.569213E-01 -0.409034E+00  0.495038E+00  0.186962E+00 -0.496120E+00 -0.386234E+00 -0.755062E-01  0.455921E-01  0.551204E-01  0.134361E+00 -0.159698E+00 -0.602058E+00 -0.487733E+00 -0.353949E+00 -0.846161E+00 -0.494592E+00 -0.996372E+00 -0.683222E+00 -0.252073E+00 -0.266334E+00  0.191205E-01 -0.490742E+00  0.543074E+00
  0.150000E+04  0.800000E-01  0.185280E+00  0.541494E-01 -0.789151E-01  0.744413E+00 -0.506434E+00 -0.196488E+00 -0.115200E+00  0.855672E+00 -0.927696E+00  0.294879E+00 -0.405088E+00  0.116456E+01  0.304603E+00 -0.647706E-01  0.814573E+00 -0.801129E+00 -0.704080E+00  0.319416E+00  0.776303E+00 -0.926206E+00  0.519869E+00 -0.514806E+00 -0.792707E-01  0.148356E+00 -0.183696E+00  0.213064E+00  0.130030E+00 -0.155626E+00 -0.791473E-01  0.110700E+00 -0.763062E-01  0.288341E-01  0.423940E-02 -0.711954E-02  0.719043E-01 -0.153435E+00 -0.188560E+00  0.233485E+00 -0.150311E+00  0.821130E-01 -0.587244E-01 -0.185769E+00  0.338475E-02  0.753355E-01 -0.128491E+00  0.170014E-01  0.584119E-01 -0.229680E+00  0.185933E-01 -0.840048E+00 -0.156542E+00 -0.628933E+00 -0.178397E+00  0.168222E+00 -0.290961E+00  0.199255E-01 -0.319449E+00 -0.252106E+00
  0.150000E+04  0.130000E+00  0.114020E+00  0.293257E-01  0.286464E-01  0.385912E+00 -0.279225E+00 -0.378970E-01 -0.341712E+00  0.622544E+00 -0.764213E+00  0.236905E+00 -0.278119E+00  0.973918E+00  0.383744E+00 -0.214322E+00  0.100035E+01 -0.835530E+00 -0.572808E+00  0.238893E+00  0.627541E+00 -0.767781E+00  0.597159E+00 -0.566925E+00 -0.136042E+00  0.257554E+00 -0.441336E+00  0.521661E+00  0.213263E+00 -0.202108E+00 -0.914773E-01  0.142243E+00  0.108383E+00 -0.356969E-01 -0.934907E-01  0.121891E+00  0.153291E+00 -0.334687E+00 -0.895655E-01  0.905848E-01  0.101296E-02 -0.162089E-01  0.891921E-01 -0.611483E-01  0.795618E-01 -0.513084E-01 -0.203085E+00  0.157663E+00  0.446864E+00  0.921630E-01  0.347211E+00 -0.492250E+00  0.333304E+00 -0.409689E+00  0.164522E+00  0.564201E+00 -0.194856E+00  0.511286E-01 -0.252003E+00 -0.315339E-01
  0.150000E+04  0.250000E+00  0.592890E-01  0.106483E-01  0.171444E+00 -0.169505E+00  0.131976E+00  0.458697E-01 -0.466876E+00 -0.256615E+00 -0.442955E+00  0.266940E+00  0.143440E+00 -0.319431E+00  0.723053E+00 -0.660089E+00  0.674012E+00 -0.469451E+00 -0.427789E+00  0.159081E+00  0.587563E+00 -0.714107E+00  0.394005E+00 -0.388255E+00 -0.219378E-01 -0.180182E-01 -0.642420E+00  0.742300E+00 -0.291483E-01  0.268120E-01  0.323472E-01 -0.154265E-01  0.871217E-01 -0.301428E-01 -0.109691E+00  0.145793E+00  0.847168E-01 -0.184121E+00 -0.188078E+00  0.129209E+00  0.409420E+00 -0.307082E+00  0.397569E+00  0.664012E-01  0.162607E+00 -0.186137E+00 -0.147120E+00  0.225674E+00  0.456741E+00  0.198023E+00  0.336541E+00  0.773860E-01  0.389836E+00  0.136973E+00  0.622455E+00  0.110015E+01 -0.621112E-01  0.618193E-01  0.718642E-01  0.216778E+00
  0.150000E+04  0.400000E+00  0.370550E-01  0.348589E-02 -0.435126E-01  0.158651E+00  0.898214E-01  0.504061E-01 -0.104226E+01 -0.553450E+00 -0.694822E+00  0.319294E+00  0.260131E+00 -0.940291E+00  0.127722E+01 -0.123366E+01 -0.122880E+00  0.255608E+00 -0.606404E+00  0.295423E+00  0.720783E+00 -0.849315E+00 -0.636004E+00  0.656587E+00  0.458461E+00 -0.796789E+00 -0.101118E+01  0.110994E+01 -0.496325E-02  0.589481E-02  0.777411E-01 -0.843573E-01 -0.473316E-01  0.152517E-01 -0.255554E-01  0.353153E-01  0.654756E-01 -0.156414E+00 -0.203139E+00  0.103171E+00  0.362921E+00 -0.965155E-01  0.546189E+00  0.934126E-01  0.149783E+00 -0.203848E+00 -0.420415E+00  0.494811E+00  0.115111E+00  0.202247E+00 -0.302173E+00  0.712408E+00 -0.338288E-01  0.737358E+00  0.102954E+01  0.110536E+01 -0.239772E-01  0.166484E-01  0.178382E+00  0.196660E+00
  0.200000E+04  0.320000E-01  0.617590E+00  0.120307E+00 -0.667298E-01  0.670187E+00 -0.129176E+00 -0.364654E+00  0.279830E+00  0.533506E+00 -0.498694E+00  0.573540E+00 -0.654030E+00  0.940880E+00  0.702181E+00 -0.400108E+00 -0.307774E+00 -0.109782E+00  0.714933E-01 -0.456192E+00  0.899619E+00 -0.102153E+01  0.414251E+00 -0.460217E+00  0.742290E-01 -0.196761E+00  0.551064E+00 -0.606906E+00 -0.203145E+00  0.128978E+00 -0.130815E+00  0.169071E+00 -0.318068E+00  0.112240E+00 -0.190073E+00  0.237612E+00 -0.300192E-01  0.657347E-01 -0.434448E+00  0.518162E+00  0.153109E+00 -0.412909E+00 -0.446384E+00  0.386368E-01  0.119301E+00 -0.366133E-01  0.151557E+00 -0.153292E+00 -0.470092E+00 -0.525318E+00 -0.244084E+00 -0.861161E+00 -0.459281E+00 -0.959765E+00 -0.663039E+00 -0.129494E+00 -0.233550E+00  0.127803E-01 -0.581571E+00  0.830705E+00
  0.200000E+04  0.800000E-01  0.247040E+00  0.465458E-01 -0.723547E-01  0.695826E+00 -0.500531E+00 -0.180811E+00 -0.166587E+00  0.887355E+00 -0.945295E+00  0.334185E+00 -0.395541E+00  0.116766E+01  0.442303E+00 -0.161364E+00  0.734816E+00 -0.724151E+00 -0.601452E+00  0.228382E+00  0.749827E+00 -0.893668E+00  0.558359E+00 -0.555794E+00 -0.574539E-01  0.104300E+00 -0.151758E+00  0.187154E+00  0.117128E+00 -0.143494E+00 -0.768685E-01  0.108209E+00 -0.127692E+00  0.466838E-01  0.442497E-02 -0.701309E-02  0.850673E-01 -0.182978E+00 -0.234955E+00  0.277422E+00 -0.175252E+00  0.130534E+00 -0.107225E+00 -0.129516E+00  0.323076E-01  0.393864E-01 -0.130383E+00  0.365762E-01  0.105479E+00 -0.233905E+00  0.484743E-01 -0.811305E+00 -0.147349E+00 -0.584927E+00 -0.139275E+00  0.231734E+00 -0.287522E+00  0.188732E-01 -0.309212E+00 -0.156618E+00
  0.200000E+04  0.130000E+00  0.152020E+00  0.255201E-01  0.349488E-01  0.351361E+00 -0.278263E+00 -0.296032E-01 -0.376968E+00  0.630080E+00 -0.763320E+00  0.251282E+00 -0.268528E+00  0.956922E+00  0.450598E+00 -0.262854E+00  0.941165E+00 -0.781524E+00 -0.522934E+00  0.201344E+00  0.619065E+00 -0.755987E+00  0.604073E+00 -0.576243E+00 -0.137945E+00  0.256126E+00 -0.422281E+00  0.505014E+00  0.199954E+00 -0.190465E+00 -0.680530E-01  0.109215E+00  0.766489E-01 -0.247219E-01 -0.797128E-01  0.104115E+00  0.157720E+00 -0.345403E+00 -0.123878E+00  0.122986E+00 -0.177325E-01  0.152097E-01  0.503855E-01 -0.315078E-01  0.904352E-01 -0.655052E-01 -0.208190E+00  0.167908E+00  0.464032E+00  0.806408E-01  0.346831E+00 -0.464235E+00  0.324000E+00 -0.371143E+00  0.192170E+00  0.597505E+00 -0.195605E+00  0.487659E-01 -0.238521E+00 -0.109535E-01
  0.200000E+04  0.250000E+00  0.790510E-01  0.927947E-02  0.168516E+00 -0.170348E+00  0.122334E+00  0.507087E-01 -0.485127E+00 -0.257960E+00 -0.437719E+00  0.255001E+00  0.145861E+00 -0.329373E+00  0.750123E+00 -0.683167E+00  0.648082E+00 -0.446143E+00 -0.413421E+00  0.150728E+00  0.591535E+00 -0.717739E+00  0.370422E+00 -0.366519E+00 -0.322029E-01 -0.494942E-02 -0.639099E+00  0.738904E+00 -0.339550E-01  0.306053E-01  0.459992E-01 -0.361248E-01  0.789380E-01 -0.273690E-01 -0.102570E+00  0.136464E+00  0.828050E-01 -0.180607E+00 -0.196820E+00  0.136708E+00  0.386751E+00 -0.277234E+00  0.367577E+00  0.766276E-01  0.165639E+00 -0.190995E+00 -0.156512E+00  0.230621E+00  0.452765E+00  0.191020E+00  0.325587E+00  0.939684E-01  0.379007E+00  0.156564E+00  0.633469E+00  0.110816E+01 -0.635224E-01  0.597118E-01  0.680073E-01  0.210387E+00
  0.300000E+04  0.320000E-01  0.926380E+00  0.866137E-01 -0.105992E+00  0.689644E+00 -0.207153E+00 -0.290064E+00  0.219777E+00  0.617136E+00 -0.551333E+00  0.582113E+00 -0.686569E+00  0.106205E+01  0.107260E+01 -0.676769E+00 -0.411104E+00  0.330184E-02  0.469657E+00 -0.865682E+00  0.874720E+00 -0.991914E+00  0.488318E+00 -0.536424E+00  0.133659E+00 -0.307454E+00  0.604834E+00 -0.651791E+00 -0.226217E+00  0.151561E+00 -0.181611E+00  0.243072E+00 -0.411868E+00  0.145037E+00 -0.294893E+00  0.372637E+00 -0.272504E-01  0.624362E-01 -0.466648E+00  0.548173E+00  0.110516E+00 -0.312679E+00 -0.526993E+00  0.177409E+00  0.210444E+00 -0.149366E+00  0.171823E+00 -0.151092E+00 -0.309837E+00 -0.578572E+00 -0.112668E+00 -0.872420E+00 -0.407476E+00 -0.920350E+00 -0.643963E+00  0.183156E-01 -0.181404E+00 -0.324491E-02 -0.686731E+00  0.117257E+01
  0.300000E+04  0.800000E-01  0.370550E+00  0.352364E-01 -0.602083E-01  0.610669E+00 -0.483162E+00 -0.154203E+00 -0.260573E+00  0.951190E+00 -0.979729E+00  0.410764E+00 -0.384760E+00  0.118172E+01  0.695812E+00 -0.336726E+00  0.579206E+00 -0.579151E+00 -0.421767E+00  0.665356E-01  0.711928E+00 -0.846143E+00  0.631451E+00 -0.634023E+00 -0.183084E-01  0.245650E-01 -0.908850E-01  0.137087E+00  0.835337E-01 -0.112355E+00 -0.723305E-01  0.102962E+00 -0.228618E+00  0.818024E-01  0.657536E-02 -0.912599E-02  0.111010E+00 -0.241162E+00 -0.316472E+00  0.355198E+00 -0.221378E+00  0.217817E+00 -0.200268E+00 -0.282728E-01  0.877199E-01 -0.281158E-01 -0.128747E+00  0.645296E-01  0.184955E+00 -0.248331E+00  0.972420E-01 -0.756212E+00 -0.131288E+00 -0.510087E+00 -0.711071E-01  0.346023E+00 -0.273402E+00  0.136573E-01 -0.289780E+00  0.121512E-01
  0.300000E+04  0.130000E+00  0.228030E+00  0.197972E-01  0.460453E-01  0.292083E+00 -0.275085E+00 -0.159873E-01 -0.442511E+00  0.650669E+00 -0.761721E+00  0.276615E+00 -0.258596E+00  0.936164E+00  0.575411E+00 -0.351354E+00  0.824696E+00 -0.679327E+00 -0.436232E+00  0.135275E+00  0.609695E+00 -0.741540E+00  0.620773E+00 -0.597741E+00 -0.143322E+00  0.256510E+00 -0.388272E+00  0.475225E+00  0.171173E+00 -0.165267E+00 -0.259448E-01  0.495509E-01  0.137686E-01 -0.296600E-02 -0.531050E-01  0.697781E-01  0.166905E+00 -0.367502E+00 -0.180878E+00  0.177013E+00 -0.538779E-01  0.726363E-01 -0.248272E-01  0.210904E-01  0.112348E+00 -0.930065E-01 -0.213247E+00  0.181378E+00  0.488318E+00  0.570896E-01  0.343631E+00 -0.415242E+00  0.304508E+00 -0.305758E+00  0.240117E+00  0.656841E+00 -0.192095E+00  0.422284E-01 -0.215975E+00  0.216540E-01
  0.300000E+04  0.250000E+00  0.118580E+00  0.724991E-02  0.163842E+00 -0.172019E+00  0.104003E+00  0.584426E-01 -0.515568E+00 -0.258289E+00 -0.426576E+00  0.231860E+00  0.143321E+00 -0.337573E+00  0.798096E+00 -0.723326E+00  0.595738E+00 -0.402089E+00 -0.388330E+00  0.135815E+00  0.600562E+00 -0.726789E+00  0.334988E+00 -0.335444E+00 -0.548033E-01  0.238905E-01 -0.633841E+00  0.733239E+00 -0.439211E-01  0.382777E-01  0.699012E-01 -0.729919E-01  0.628635E-01 -0.219117E-01 -0.895043E-01  0.119036E+00  0.788636E-01 -0.173897E+00 -0.210114E+00  0.147934E+00  0.346576E+00 -0.226756E+00  0.309776E+00  0.939712E-01  0.170659E+00 -0.198889E+00 -0.173139E+00  0.239533E+00  0.443823E+00  0.178402E+00  0.307777E+00  0.118670E+00  0.359233E+00  0.186218E+00  0.651208E+00  0.112281E+01 -0.633646E-01  0.552320E-01  0.587349E-01  0.198206E+00
  0.300000E+04  0.400000E+00  0.741110E-01  0.233389E-02 -0.563607E-01  0.181099E+00  0.794763E-01  0.543324E-01 -0.109794E+01 -0.531813E+00 -0.697575E+00  0.302743E+00  0.257457E+00 -0.943244E+00  0.128817E+01 -0.125027E+01 -0.162210E+00  0.291548E+00 -0.596775E+00  0.291362E+00  0.730407E+00 -0.859844E+00 -0.718338E+00  0.737460E+00  0.444730E+00 -0.785609E+00 -0.101949E+01  0.111900E+01 -0.235323E-02  0.339060E-02  0.924497E-01 -0.107929E+00 -0.493671E-01  0.159380E-01 -0.190710E-01  0.266342E-01  0.650491E-01 -0.156823E+00 -0.209356E+00  0.107851E+00  0.319924E+00 -0.518586E-01  0.485914E+00  0.102575E+00  0.147404E+00 -0.203370E+00 -0.441506E+00  0.507733E+00  0.862060E-01  0.211836E+00 -0.331770E+00  0.745025E+00 -0.478444E-01  0.764469E+00  0.103655E+01  0.110451E+01 -0.266701E-01  0.198285E-01  0.146650E+00  0.207703E+00
  0.500000E+04  0.800000E-01  0.617590E+00  0.219600E-01 -0.397039E-01  0.477506E+00 -0.444201E+00 -0.114609E+00 -0.413934E+00  0.106265E+01 -0.103741E+01  0.540211E+00 -0.378810E+00  0.121668E+01  0.110921E+01 -0.619161E+00  0.309979E+00 -0.336598E+00 -0.143944E+00 -0.187564E+00  0.666863E+00 -0.787864E+00  0.754632E+00 -0.766689E+00  0.429152E-01 -0.101976E+00  0.922584E-02  0.539515E-01  0.133299E-01 -0.481596E-01 -0.638278E-01  0.923063E-01 -0.403077E+00  0.142496E+00  0.134702E-01 -0.171061E-01  0.155730E+00 -0.341828E+00 -0.441881E+00  0.475218E+00 -0.296297E+00  0.355723E+00 -0.357857E+00  0.132751E+00  0.181578E+00 -0.140598E+00 -0.117400E+00  0.973327E-01  0.301544E+00 -0.280947E+00  0.166902E+00 -0.663167E+00 -0.107227E+00 -0.397087E+00  0.351918E-01  0.529192E+00 -0.237903E+00 -0.725713E-04 -0.257141E+00  0.274956E+00
  0.500000E+04  0.130000E+00  0.380050E+00  0.128170E-01  0.651715E-01  0.195362E+00 -0.268005E+00  0.541345E-02 -0.558303E+00  0.696732E+00 -0.758172E+00  0.318192E+00 -0.254003E+00  0.917347E+00  0.796662E+00 -0.505305E+00  0.607407E+00 -0.495017E+00 -0.292485E+00  0.244029E-01  0.603420E+00 -0.728453E+00  0.656585E+00 -0.642177E+00 -0.156485E+00  0.263359E+00 -0.330771E+00  0.425188E+00  0.114041E+00 -0.114930E+00  0.464902E-01 -0.537019E-01 -0.102905E+00  0.374683E-01 -0.430845E-02  0.716730E-02  0.184339E+00 -0.408772E+00 -0.270807E+00  0.262560E+00 -0.119355E+00  0.172499E+00 -0.162861E+00  0.110411E+00  0.153790E+00 -0.142920E+00 -0.215557E+00  0.197001E+00  0.518540E+00  0.126762E-01  0.334328E+00 -0.333934E+00  0.266482E+00 -0.199772E+00  0.320032E+00  0.758287E+00 -0.178224E+00  0.276300E-01 -0.180302E+00  0.704147E-01
  0.500000E+04  0.250000E+00  0.197630E+00  0.478324E-02  0.157108E+00 -0.176178E+00  0.706104E-01  0.711087E-01 -0.563253E+00 -0.256005E+00 -0.404932E+00  0.188128E+00  0.127577E+00 -0.334260E+00  0.882291E+00 -0.791292E+00  0.492993E+00 -0.319551E+00 -0.345422E+00  0.109995E+00  0.619400E+00 -0.746391E+00  0.285268E+00 -0.293793E+00 -0.101712E+00  0.838300E-01 -0.625410E+00  0.724612E+00 -0.626602E-01  0.535455E-01  0.110813E+00 -0.135980E+00  0.314272E-01 -0.112027E-01 -0.660288E-01  0.877357E-01  0.719107E-01 -0.161060E+00 -0.228936E+00  0.163984E+00  0.276462E+00 -0.144251E+00  0.202564E+00  0.123707E+00  0.179010E+00 -0.210147E+00 -0.202674E+00  0.255785E+00  0.425902E+00  0.156049E+00  0.280752E+00  0.153923E+00  0.324599E+00  0.228203E+00  0.680177E+00  0.114851E+01 -0.579769E-01  0.456890E-01  0.392122E-01  0.176622E+00
  0.500000E+04  0.400000E+00  0.123520E+00  0.152716E-02 -0.672987E-01  0.199646E+00  0.687167E-01  0.559107E-01 -0.113846E+01 -0.517923E+00 -0.695002E+00  0.281248E+00  0.244686E+00 -0.933900E+00  0.130673E+01 -0.127083E+01 -0.212205E+00  0.330817E+00 -0.586153E+00  0.286862E+00  0.742554E+00 -0.873479E+00 -0.784781E+00  0.798672E+00  0.419209E+00 -0.761769E+00 -0.102601E+01  0.112551E+01 -0.230290E-02  0.294558E-02  0.108188E+00 -0.133532E+00 -0.533042E-01  0.170639E-01 -0.115364E-01  0.164817E-01  0.622629E-01 -0.152170E+00 -0.214396E+00  0.111647E+00  0.274438E+00 -0.845713E-02  0.412983E+00  0.110929E+00  0.144826E+00 -0.202453E+00 -0.469419E+00  0.524865E+00  0.597151E-01  0.217233E+00 -0.356685E+00  0.770862E+00 -0.586416E-01  0.777036E+00  0.104384E+01  0.110616E+01 -0.238723E-01  0.221771E-01  0.108886E+00  0.220240E+00
  0.500000E+04  0.650000E+00  0.760110E-01  0.145153E-03 -0.579422E+00  0.124760E+01  0.922838E-01 -0.386772E-01 -0.398065E+01  0.819823E+00 -0.803380E+00 -0.679557E-01  0.403052E-01 -0.120501E+01 -0.113232E+01 -0.109992E-01 -0.227485E+01  0.201337E+01 -0.431745E+00  0.182841E+00  0.762793E+00 -0.877129E+00 -0.448962E+01  0.479193E+01  0.139752E+01 -0.226710E+01 -0.231597E+01  0.248371E+01  0.456245E+00 -0.396054E+00  0.329729E+00 -0.460356E+00  0.111401E+00 -0.432875E-01  0.814416E-02 -0.173021E-01  0.216449E+00 -0.530878E+00 -0.410211E+00  0.259560E+00  0.745841E-01  0.110219E+00  0.227345E+00  0.193311E+00 -0.819766E+00  0.790405E+00 -0.908740E+00  0.862070E+00 -0.590254E+00  0.573989E+00 -0.209572E+01  0.231500E+01 -0.602163E+00  0.167005E+01  0.136355E+00  0.147706E+01 -0.782180E-01  0.706990E-01 -0.349721E+00 -0.267682E+00
  0.800000E+04  0.130000E+00  0.608090E+00  0.759554E-02  0.866416E-01  0.887798E-01 -0.259110E+00  0.280828E-01 -0.692903E+00  0.756132E+00 -0.752177E+00  0.362724E+00 -0.260455E+00  0.909142E+00  0.105557E+01 -0.683678E+00  0.342525E+00 -0.275255E+00 -0.132623E+00 -0.994410E-01  0.604779E+00 -0.722979E+00  0.703204E+00 -0.699809E+00 -0.175704E+00  0.276918E+00 -0.267575E+00  0.370480E+00  0.423230E-01 -0.519269E-01  0.129515E+00 -0.172748E+00 -0.243814E+00  0.864468E-01  0.540345E-01 -0.680391E-01  0.204991E+00 -0.457866E+00 -0.365958E+00  0.353129E+00 -0.196503E+00  0.286070E+00 -0.328311E+00  0.210934E+00  0.203559E+00 -0.201355E+00 -0.213564E+00  0.209692E+00  0.542659E+00 -0.414081E-01  0.320048E+00 -0.243936E+00  0.217634E+00 -0.841855E-01  0.409675E+00  0.874151E+00 -0.155057E+00  0.767574E-02 -0.142479E+00  0.118839E+00
  0.800000E+04  0.250000E+00  0.316210E+00  0.290518E-02  0.149629E+00 -0.180915E+00  0.262285E-01  0.856652E-01 -0.619437E+00 -0.249950E+00 -0.373924E+00  0.129715E+00  0.960190E-01 -0.313271E+00  0.990026E+00 -0.877082E+00  0.351682E+00 -0.209070E+00 -0.290998E+00  0.781052E-01  0.646076E+00 -0.774911E+00  0.233002E+00 -0.252669E+00 -0.167623E+00  0.169733E+00 -0.616533E+00  0.715438E+00 -0.876545E-01  0.740893E-01  0.163126E+00 -0.215953E+00 -0.982782E-02  0.311007E-02 -0.352474E-01  0.468394E-01  0.622046E-01 -0.143270E+00 -0.248819E+00  0.181515E+00  0.186629E+00 -0.431655E-01  0.576243E-01  0.160363E+00  0.188038E+00 -0.223294E+00 -0.241887E+00  0.278392E+00  0.401368E+00  0.126840E+00  0.248449E+00  0.191068E+00  0.280034E+00  0.271923E+00  0.714450E+00  0.118148E+01 -0.465533E-01  0.326357E-01  0.102206E-01  0.148338E+00
  0.800000E+04  0.400000E+00  0.197630E+00  0.924052E-03 -0.795367E-01  0.219214E+00  0.553762E-01  0.556845E-01 -0.117682E+01 -0.507271E+00 -0.687853E+00  0.251037E+00  0.220880E+00 -0.913273E+00  0.133568E+01 -0.129994E+01 -0.281567E+00  0.381161E+00 -0.572428E+00  0.280495E+00  0.759159E+00 -0.892888E+00 -0.854492E+00  0.858644E+00  0.378722E+00 -0.722480E+00 -0.103241E+01  0.113086E+01 -0.453970E-02  0.390318E-02  0.128567E+00 -0.167338E+00 -0.597342E-01  0.189748E-01 -0.177348E-02  0.269355E-02  0.566774E-01 -0.142782E+00 -0.219612E+00  0.115576E+00  0.215631E+00  0.444637E-01  0.313254E+00  0.120479E+00  0.141417E+00 -0.201569E+00 -0.509405E+00  0.549065E+00  0.288902E-01  0.220492E+00 -0.384094E+00  0.796946E+00 -0.691319E-01  0.780568E+00  0.105309E+01  0.110961E+01 -0.168331E-01  0.245167E-01  0.569885E-01  0.236960E+00
  0.800000E+04  0.650000E+00  0.121620E+00  0.858816E-04 -0.583491E+00  0.125521E+01  0.906501E-01 -0.387983E-01 -0.401033E+01  0.834961E+00 -0.784837E+00 -0.903339E-01  0.457590E-01 -0.122269E+01 -0.119609E+01  0.284505E-01 -0.230455E+01  0.203693E+01 -0.415199E+00  0.172163E+00  0.764331E+00 -0.879934E+00 -0.455393E+01  0.485476E+01  0.138465E+01 -0.226570E+01 -0.233161E+01  0.250052E+01  0.458718E+00 -0.398361E+00  0.340336E+00 -0.477586E+00  0.115981E+00 -0.450004E-01  0.757079E-02 -0.167605E-01  0.216045E+00 -0.531052E+00 -0.411994E+00  0.261052E+00  0.527258E-01  0.125024E+00  0.180136E+00  0.193681E+00 -0.839438E+00  0.811498E+00 -0.916318E+00  0.864144E+00 -0.613772E+00  0.582457E+00 -0.210942E+01  0.232706E+01 -0.606418E+00  0.167575E+01  0.994020E-01  0.151079E+01 -0.834345E-01  0.729947E-01 -0.420381E+00 -0.269794E+00
  0.150000E+05  0.250000E+00  0.592890E+00  0.125378E-02  0.137243E+00 -0.188335E+00 -0.510380E-01  0.107395E+00 -0.709862E+00 -0.238655E+00 -0.318468E+00  0.255024E-01  0.278724E-01 -0.258523E+00  0.117470E+01 -0.102336E+01  0.943948E-01 -0.136214E-01 -0.200017E+00  0.243341E-01  0.695303E+00 -0.827959E+00  0.154010E+00 -0.195636E+00 -0.287953E+00  0.325689E+00 -0.604519E+00  0.701888E+00 -0.131842E+00  0.109914E+00  0.251206E+00 -0.352369E+00 -0.826817E-01  0.276563E-01  0.179961E-01 -0.240656E-01  0.441797E-01 -0.110089E+00 -0.278585E+00  0.207518E+00  0.333684E-01  0.123961E+00 -0.199098E+00  0.220981E+00  0.201623E+00 -0.243356E+00 -0.313384E+00  0.320894E+00  0.356608E+00  0.755585E-01  0.194350E+00  0.246921E+00  0.203358E+00  0.334466E+00  0.770586E+00  0.123761E+01 -0.211471E-01  0.944670E-02 -0.450399E-01  0.100220E+00
  0.150000E+05  0.400000E+00  0.370550E+00  0.398754E-03 -0.998832E-01  0.251075E+00  0.314890E-01  0.523233E-01 -0.123020E+01 -0.496370E+00 -0.669195E+00  0.190698E+00  0.166411E+00 -0.862728E+00  0.139761E+01 -0.135803E+01 -0.419331E+00  0.476606E+00 -0.546326E+00  0.268356E+00  0.791944E+00 -0.931667E+00 -0.965095E+00  0.947305E+00  0.291981E+00 -0.636847E+00 -0.104154E+01  0.113747E+01 -0.114503E-01  0.804482E-02  0.167118E+00 -0.231687E+00 -0.734428E-01  0.229967E-01  0.171066E-01 -0.237710E-01  0.439344E-01 -0.120084E+00 -0.227877E+00  0.122012E+00  0.104487E+00  0.140695E+00  0.116730E+00  0.136979E+00  0.135152E+00 -0.199995E+00 -0.590533E+00  0.598044E+00 -0.248903E-01  0.221877E+00 -0.429486E+00  0.837761E+00 -0.840481E-01  0.770211E+00  0.107082E+01  0.111815E+01  0.171092E-02  0.285283E-01 -0.457149E-01  0.270107E+00
  0.150000E+05  0.650000E+00  0.228030E+00  0.361040E-04 -0.590061E+00  0.126711E+01  0.902122E-01 -0.419868E-01 -0.404801E+01  0.852940E+00 -0.760803E+00 -0.121591E+00  0.480064E-01 -0.124271E+01 -0.127287E+01  0.747620E-01 -0.235299E+01  0.207165E+01 -0.392886E+00  0.157822E+00  0.769796E+00 -0.888743E+00 -0.464827E+01  0.494028E+01  0.135171E+01 -0.225400E+01 -0.235053E+01  0.252034E+01  0.461267E+00 -0.400890E+00  0.357409E+00 -0.506431E+00  0.121735E+00 -0.474730E-01  0.784303E-02 -0.178292E-01  0.214158E+00 -0.529074E+00 -0.415299E+00  0.263576E+00  0.107575E-01  0.151936E+00  0.846606E-01  0.192456E+00 -0.864427E+00  0.837778E+00 -0.938300E+00  0.872690E+00 -0.658438E+00  0.596581E+00 -0.212885E+01  0.234326E+01 -0.609678E+00  0.167270E+01  0.532857E-01  0.155411E+01 -0.888289E-01  0.788201E-01 -0.568174E+00 -0.262592E+00
  0.300000E+05  0.400000E+00  0.741110E+00  0.130381E-03 -0.125309E+00  0.291274E+00  0.281764E-02  0.448606E-01 -0.128834E+01 -0.488183E+00 -0.642459E+00  0.110666E+00  0.867349E-01 -0.787456E+00  0.148266E+01 -0.143569E+01 -0.608446E+00  0.603970E+00 -0.513607E+00  0.253470E+00  0.836304E+00 -0.984250E+00 -0.109837E+01  0.104921E+01  0.173168E+00 -0.520671E+00 -0.105336E+01  0.114568E+01 -0.211831E-01  0.142932E-01  0.217028E+00 -0.315331E+00 -0.921659E-01  0.285822E-01  0.422031E-01 -0.585581E-01  0.258916E-01 -0.870963E-01 -0.237808E+00  0.129904E+00 -0.399667E-01  0.262308E+00 -0.145929E+00  0.156711E+00  0.126072E+00 -0.196757E+00 -0.703105E+00  0.666222E+00 -0.930226E-01  0.220832E+00 -0.487418E+00  0.887566E+00 -0.997392E-01  0.743019E+00  0.109436E+01  0.112990E+01  0.307222E-01  0.340783E-01 -0.185926E+00  0.315497E+00
  0.300000E+05  0.650000E+00  0.456070E+00  0.114978E-04 -0.599396E+00  0.128382E+01  0.924591E-01 -0.499394E-01 -0.408935E+01  0.870760E+00 -0.733831E+00 -0.159699E+00  0.431944E-01 -0.126108E+01 -0.135036E+01  0.119618E+00 -0.242230E+01  0.211684E+01 -0.366406E+00  0.140935E+00  0.781015E+00 -0.906206E+00 -0.477036E+01  0.504229E+01  0.129062E+01 -0.222652E+01 -0.237000E+01  0.253966E+01  0.463018E+00 -0.403153E+00  0.381256E+00 -0.548224E+00  0.127999E+00 -0.503091E-01  0.973067E-02 -0.216262E-01  0.210036E+00 -0.523318E+00 -0.420568E+00  0.267580E+00 -0.559824E-01  0.193294E+00 -0.734056E-01  0.188540E+00 -0.891748E+00  0.865420E+00 -0.981034E+00  0.890913E+00 -0.729973E+00  0.617109E+00 -0.215323E+01  0.236254E+01 -0.610013E+00  0.165358E+01  0.433240E-02  0.160192E+01 -0.928921E-01  0.896849E-01 -0.820077E+00 -0.239802E+00
