           2
          89
 CDF W asymmetry 2009                                                            
Plot1@Experiment:CDF@ExtraLabel:p#bar{p} #rightarrow W #rightarrow e#nu; #sqrt{s} = 1.96 TeV; #int L = 1.0 fb^{-1}@XTitle: |y_{W}| @YTitle: A_{y_{W}}
 y1          y2          dummy          data      +- uncor     +- tot     th orig         th mod   therr+         therr-     pull    iset       iplot
 0.00000E+00 0.20000E+00 0.00000E+00 0.20000E-01 0.31209E-02 0.33541E-02 0.10492E-01 0.16222E-01 0.00000E+00 0.00000E+00 0.12105E+01   89   1/0.00000E+00
 0.20000E+00 0.40000E+00 0.00000E+00 0.57000E-01 0.33719E-02 0.42226E-02 0.32235E-01 0.44845E-01 0.00000E+00 0.00000E+00 0.36047E+01   89   1/0.00000E+00
 0.40000E+00 0.60000E+00 0.00000E+00 0.81000E-01 0.39332E-02 0.49163E-02 0.54989E-01 0.70058E-01 0.00000E+00 0.00000E+00 0.27819E+01   89   1/0.00000E+00
 0.60000E+00 0.80000E+00 0.00000E+00 0.11700E+00 0.46043E-02 0.63585E-02 0.80248E-01 0.10273E+00 0.00000E+00 0.00000E+00 0.30984E+01   89   1/0.00000E+00
 0.80000E+00 0.10000E+01 0.00000E+00 0.14600E+00 0.59042E-02 0.79272E-02 0.10875E+00 0.13634E+00 0.00000E+00 0.00000E+00 0.16355E+01   89   1/0.00000E+00
 0.10000E+01 0.12000E+01 0.00000E+00 0.20400E+00 0.79284E-02 0.92239E-02 0.14183E+00 0.16627E+00 0.00000E+00 0.00000E+00 0.47591E+01   89   1/0.00000E+00
 0.12000E+01 0.14000E+01 0.00000E+00 0.23500E+00 0.89269E-02 0.11754E-01 0.18079E+00 0.21650E+00 0.00000E+00 0.00000E+00 0.20728E+01   89   1/0.00000E+00
 0.14000E+01 0.16000E+01 0.00000E+00 0.26100E+00 0.98697E-02 0.15177E-01 0.22749E+00 0.27698E+00 0.00000E+00 0.00000E+00 -.16189E+01   89   1/0.00000E+00
 0.16000E+01 0.18000E+01 0.00000E+00 0.30300E+00 0.10467E-01 0.14541E-01 0.28203E+00 0.32313E+00 0.00000E+00 0.00000E+00 -.19237E+01   89   1/0.00000E+00
 0.18000E+01 0.20500E+01 0.00000E+00 0.35500E+00 0.10139E-01 0.14062E-01 0.35237E+00 0.38945E+00 0.00000E+00 0.00000E+00 -.33977E+01   89   1/0.00000E+00
 0.20500E+01 0.23000E+01 0.00000E+00 0.43600E+00 0.12001E-01 0.15759E-01 0.43888E+00 0.46794E+00 0.00000E+00 0.00000E+00 -.26617E+01   89   1/0.00000E+00
 0.23000E+01 0.26000E+01 0.00000E+00 0.53700E+00 0.14221E-01 0.17480E-01 0.53245E+00 0.55559E+00 0.00000E+00 0.00000E+00 -.13074E+01   89   1/0.00000E+00
 0.26000E+01 0.30000E+01 0.00000E+00 0.64200E+00 0.24064E-01 0.25780E-01 0.60634E+00 0.63271E+00 0.00000E+00 0.00000E+00 0.38588E+00   89   1/0.00000E+00
          86
 D0 W asymmetry 2013                                                             
Plot1@Experiment:D0@ExtraLabel:p#bar{p} #rightarrow W #rightarrow e#nu; #sqrt{s} = 1.96 TeV; #int L = 9.7 fb^{-1}@XTitle: |y_{W}| @YTitle: A_{y_{W}}
 y1          y2          dummy          data      +- uncor     +- tot     th orig         th mod   therr+         therr-     pull    iset       iplot
 0.00000E+00 0.20000E+00 0.00000E+00 0.13900E-01 0.20637E-02 0.20906E-02 0.10182E-01 0.11442E-01 0.00000E+00 0.00000E+00 0.11911E+01   86   1/0.00000E+00
 0.20000E+00 0.40000E+00 0.00000E+00 0.42900E-01 0.24690E-02 0.27483E-02 0.31579E-01 0.38294E-01 0.00000E+00 0.00000E+00 0.18654E+01   86   1/0.00000E+00
 0.40000E+00 0.60000E+00 0.00000E+00 0.72800E-01 0.28692E-02 0.36600E-02 0.54038E-01 0.67292E-01 0.00000E+00 0.00000E+00 0.19196E+01   86   1/0.00000E+00
 0.60000E+00 0.80000E+00 0.00000E+00 0.10590E+00 0.28640E-02 0.41840E-02 0.78767E-01 0.10031E+00 0.00000E+00 0.00000E+00 0.19504E+01   86   1/0.00000E+00
 0.80000E+00 0.10000E+01 0.00000E+00 0.14450E+00 0.30198E-02 0.44150E-02 0.10694E+00 0.12911E+00 0.00000E+00 0.00000E+00 0.50972E+01   86   1/0.00000E+00
 0.10000E+01 0.12000E+01 0.00000E+00 0.18630E+00 0.37122E-02 0.50885E-02 0.13969E+00 0.16184E+00 0.00000E+00 0.00000E+00 0.65899E+01   86   1/0.00000E+00
 0.12000E+01 0.14000E+01 0.00000E+00 0.22500E+00 0.43017E-02 0.55947E-02 0.17879E+00 0.20126E+00 0.00000E+00 0.00000E+00 0.55190E+01   86   1/0.00000E+00
 0.14000E+01 0.16000E+01 0.00000E+00 0.26120E+00 0.45966E-02 0.53320E-02 0.22561E+00 0.24279E+00 0.00000E+00 0.00000E+00 0.40049E+01   86   1/0.00000E+00
 0.16000E+01 0.18000E+01 0.00000E+00 0.30060E+00 0.52282E-02 0.55196E-02 0.28102E+00 0.29084E+00 0.00000E+00 0.00000E+00 0.18665E+01   86   1/0.00000E+00
 0.18000E+01 0.20000E+01 0.00000E+00 0.34730E+00 0.59163E-02 0.61093E-02 0.34467E+00 0.35415E+00 0.00000E+00 0.00000E+00 -.11586E+01   86   1/0.00000E+00
 0.20000E+01 0.22000E+01 0.00000E+00 0.40570E+00 0.65764E-02 0.68498E-02 0.41517E+00 0.42325E+00 0.00000E+00 0.00000E+00 -.26690E+01   86   1/0.00000E+00
 0.22000E+01 0.24000E+01 0.00000E+00 0.47610E+00 0.69192E-02 0.72802E-02 0.48967E+00 0.50026E+00 0.00000E+00 0.00000E+00 -.34914E+01   86   1/0.00000E+00
 0.24000E+01 0.27000E+01 0.00000E+00 0.58960E+00 0.70633E-02 0.78489E-02 0.57563E+00 0.58757E+00 0.00000E+00 0.00000E+00 0.28672E+00   86   1/0.00000E+00
 0.27000E+01 0.32000E+01 0.00000E+00 0.77200E+00 0.11329E-01 0.11442E-01 0.66650E+00 0.67283E+00 0.00000E+00 0.00000E+00 0.87535E+01   86   1/0.00000E+00
